1475
3796
9657
7856
9018
6169
918
6306
3399
6700
9844
224
9151
5103
7049
6992
8785
3860
1942
7215
9960
552
1472
638
3534
9081
4556
3577
4411
869
4730
2101
6107
5169
7640
5830
1693
8643
9704
8426
7303
6461
9212
1302
2535
7815
4877
7163
4340
39
10
6244
6196
4271
7918
9710
9383
7491
7082
228
1376
117
7186
582
419
8511
2228
7670
5610
2908
4626
9728
9329
6996
5153
9603
1698
6851
2442
1743
347
132
9245
4429
6331
5007
1286
2405
5788
6012
9144
5872
4761
1714
2981
3740
4657
4049
1248
9573
5428
8728
9705
3334
378
8852
8423
2172
3731
6086
1173
6498
6649
8976
4835
8926
3889
2284
5309
4808
7777
5368
9000
530
763
4770
4408
5241
4311
4811
8416
9479
6464
747
1841
5985
2117
4354
8979
5348
9199
358
5457
7767
7297
8462
1646
7421
2155
9498
4518
2697
4650
4684
5680
670
9946
807
2831
7203
8843
9234
4520
9967
4513
5449
9293
3286
853
7377
2520
7056
7081
4438
9140
8354
6777
7107
5876
5916
6653
9228
3031
2494
907
8619
5603
3335
3449
4326
2270
3180
9920
6729
2412
2946
9148
3046
3523
2552
6512
5253
9130
867
2294
2457
5296
3831
5716
3234
6137
3823
5786
6408
1250
586
2248
122
6806
9186
7405
4851
1897
1290
7354
7781
3169
4995
3508
3669
7157
6971
2872
7763
8414
5299
7866
4325
1370
4475
2502
1151
9199
9676
2407
3744
5964
4881
2805
492
8683
2627
905
3106
4547
2368
5500
9577
9706
5319
4862
3084
728
9939
6435
5551
2134
9346
8744
8124
4758
8560
1683
9999
5996
7653
6119
1482
2009
279
7446
4118
2040
3677
4882
2327
9553
8258
9116
2778
7788
2722
5182
5405
128
9765
1140
4811
1593
3380
6612
4787
8343
4940
8270
1813
4163
6750
1231
1176
29
8945
8960
6874
5600
6933
9131
3701
1719
2437
6029
4506
6505
1416
2615
2638
4720
3859
6303
333
7912
4399
8227
2527
4722
8738
589
6981
1656
637
9906
6512
2155
1921
309
5551
3768
6735
6601
9650
2729
7115
4803
8016
2375
5852
6493
6625
3341
3987
5815
2233
4361
2037
7465
3538
251
9158
6323
3380
2448
9204
5429
5428
4728
3661
826
1062
1667
9550
1231
8528
8698
794
8274
6813
8314
4515
2421
8763
7307
183
5970
2802
9823
4474
9001
6689
6966
4876
9940
5606
5998
7287
6331
2937
1640
600
4771
677
6021
6087
1298
8117
1920
2420
3838
8040
5540
2608
9955
9424
4142
2085
1971
3404
4174
4163
1239
3551
9735
601
5892
8829
5158
6844
2265
1603
4719
886
5717
6864
2498
1566
5365
2291
2525
9519
1499
5970
4699
4648
362
4196
6426
1632
1998
1484
6698
4388
4520
8530
9521
8639
1431
3696
5148
2645
8035
2710
8384
2619
5874
682
3231
3958
1981
5535
8806
5758
7725
49
5442
8655
9679
8891
5010
6013
8199
7621
3704
3761
8448
8685
3642
3268
8849
3952
6373
4134
2204
5093
1345
7020
4080
7079
9167
3908
2798
766
2862
9654
4360
6696
7933
3080
1845
552
60
7262
770
3643
5531
5197
1922
1300
3076
3883
1926
9715
6548
9988
1976
3718
6212
9035
6017
6620
8006
9099
379
402
3147
9
4288
9420
113
2505
9969
4401
1050
1289
5187
787
6407
9309
4051
4794
8531
3656
8970
8877
2077
595
5356
9692
1566
8414
3915
8300
5080
3009
1320
4272
3279
8973
1081
2576
6881
8771
6598
5961
4592
6384
766
3377
9921
4853
6822
3733
6397
9551
7361
5088
6981
4999
9580
3418
9234
6455
368
9612
9002
5271
8522
9947
3167
4404
3767
7081
4097
4669
2249
8179
2036
9145
4263
4439
6652
888
3248
7175
1556
9044
7519
2131
5535
2243
9659
8502
1318
9452
5286
6751
2015
212
5125
9097
862
1748
5582
8009
7334
8329
1053
2789
2312
1767
1970
492
8236
7067
3620
8421
4558
651
1897
4727
7055
5292
365
546
2428
641
6831
3961
8764
1450
3132
2493
2386
1568
5827
9559
9778
8539
1015
7601
1729
6879
7795
4609
3462
2673
6295
7155
8604
8585
4337
1282
5337
5702
87
1171
4377
7896
1153
319
7059
1966
2756
3739
269
2940
6776
2837
4204
3353
1514
8044
771
1731
1726
428
7404
3919
8477
9333
1589
273
9052
5768
7410
5460
7437
5165
1489
886
1390
3764
8826
3891
912
1782
4660
4397
994
5479
8549
5957
699
1930
7154
56
4151
5376
580
9993
3289
4063
2540
3415
3486
2476
7069
8635
4066
7445
4839
2080
60
6220
8580
6463
7860
8499
2331
7893
8165
6929
6386
5860
8366
9279
6577
9635
6098
4018
6674
7362
4143
2821
9588
6031
8220
5330
9486
4782
5771
2204
8880
1801
2606
6908
4790
3699
6518
7639
2710
7626
1382
5544
9368
1673
8854
1855
7973
8343
5331
501
280
8240
1748
7291
2226
4973
7928
1007
8714
274
6155
1753
5105
8084
1495
2152
9586
3894
7207
6260
1816
1055
9431
1232
6187
1097
1063
5870
9282
9688
4719
3822
1340
3652
5708
4261
6026
6613
5735
5670
2739
5035
8583
1439
4571
4104
7021
6211
1486
2474
9678
2943
6871
9240
302
9099
9997
3447
374
1696
6652
7642
6456
3264
657
805
4170
5494
5295
6940
2398
1867
9552
6381
8930
1298
9237
7814
6755
1185
4574
9380
8668
8492
1509
2089
7037
9583
8708
4793
3223
6744
1591
7313
3971
1119
3740
7621
6306
1828
5495
997
3215
9171
5346
9083
145
2037
2146
6339
893
6182
5284
4407
2280
9759
8150
4806
1161
4992
9139
2929
2509
4412
5062
7746
6165
9104
8560
7113
9193
1425
8996
6324
1792
6609
9151
2537
5847
6926
2773
8932
7071
8391
7414
3288
4708
2316
6256
7364
5751
5233
1342
2259
3085
4430
7774
6783
5552
6774
7041
4340
8339
370
1547
7629
4099
1674
3242
4157
329
5183
5827
4795
4717
5992
4727
4699
20
8135
4213
7061
1609
9958
6794
6629
778
1988
1059
894
7929
1750
8707
8731
3683
6603
4783
2628
8574
8417
919
9049
3003
5870
7904
8414
762
3916
972
2339
1245
6579
9818
4111
8373
8132
7690
3001
7721
3664
5705
9762
8645
8291
762
2514
62
7009
5798
61
163
3883
4538
7682
9248
5037
5711
1632
4892
1575
4663
9829
7667
1350
9795
3829
7902
7662
4578
4979
2285
4023
3267
3951
4038
7681
3851
988
1255
2438
4642
7117
2984
9978
7384
651
1116
2561
6869
5125
8726
8717
5870
9861
6617
9794
4388
9275
4487
5977
6982
696
4379
2669
3446
7465
8546
4261
4505
3374
5923
9534
9704
2550
2592
8277
260
6969
7268
8590
3911
3794
8316
7844
1413
7798
2531
4653
2624
4965
4518
8904
3307
2428
6166
5478
2182
7845
9675
5971
6665
9148
4293
8607
2908
2046
4030
1197
5571
2288
5468
6840
1799
2489
5170
1229
6526
4253
3206
4393
4669
87
2957
9679
2660
5987
1923
9126
2167
9269
9719
541
1773
489
7682
4780
5490
8328
7608
5993
2471
3219
1479
5747
9721
256
9517
734
8719
5630
7910
3275
2013
2918
8466
9779
7029
1024
3189
2497
6781
7919
8728
4441
7131
5498
6062
5065
9005
9864
5169
8890
4102
647
6058
9298
739
8425
1279
9514
2555
9180
2694
2839
3812
965
6152
6232
8083
4632
5889
1386
9147
4806
6244
1931
9991
9539
6571
7897
9746
4322
9372
9206
3187
7504
2936
8299
8535
4650
4237
5702
1095
1436
5675
289
3896
8792
6259
880
1488
7742
3562
3735
150
7086
5102
518
851
4519
8320
1298
2853
619
9007
4560
1347
5409
3013
4961
5674
4310
6011
8805
3925
7506
4104
8301
4731
1443
8726
9649
5987
8472
805
9914
7922
7099
7641
4766
5205
6299
7183
2550
9834
1253
5549
1597
3384
9423
8599
8999
3424
5154
7581
4427
2539
8337
3298
911
7602
5674
8151
7407
8093
9079
3766
841
6163
2465
7643
1912
16
35
5132
4746
6725
1222
5626
384
6105
1662
335
7746
2268
2144
5111
8189
6076
4254
7228
7995
561
8545
1913
1069
5204
6354
3424
326
413
5669
1959
5831
2168
1890
8620
2962
2009
6529
266
3502
1975
6673
1348
1543
9396
9878
4830
542
9821
7405
5563
4068
1772
9228
6944
1007
3387
3723
5239
8774
1395
3065
6928
7407
834
6797
9603
8243
8827
6442
2753
9754
279
269
5016
6792
522
870
6564
4563
7713
481
7906
8384
6039
1008
4128
9753
2758
8679
3217
2062
5242
2307
2604
7717
3569
8936
2100
3103
5999
757
7859
8792
1102
4582
8207
522
5043
4934
4110
4511
3964
6111
710
6641
4837
4608
8637
9009
2953
4505
4927
5408
3622
7430
3774
8556
9977
9334
452
2010
6985
9991
499
1437
6928
3871
1662
977
4579
4425
6833
6551
1394
5355
7866
3997
7899
1712
8843
9480
649
4742
3783
2433
7098
9654
4074
7673
991
8636
7574
6090
2252
9634
359
5372
7887
8445
4072
5937
4973
3411
6335
7534
8056
392
5731
7798
3581
9812
7518
7140
9
8306
4845
1908
1100
1255
8788
3103
9238
7245
8686
226
4045
7340
7827
5594
9217
1908
8850
8014
7910
8937
6253
7576
449
1851
8180
8097
2670
9136
4314
2312
1534
4513
6116
639
5118
6094
8848
6675
6914
1454
1266
1558
96
3224
9417
8474
601
4887
7168
8619
3283
4445
3344
4602
4209
3975
1634
8706
6388
1721
3235
1529
3834
5238
8913
7685
2757
9565
2706
3096
7447
467
595
5785
8793
8634
6398
7872
3947
8315
2869
7966
357
3541
3578
7015
6796
4305
3633
3325
7953
2561
3277
4106
979
7797
887
1881
9477
1562
3998
1858
6554
2368
5064
4992
1404
1558
5606
6625
9532
1428
3653
1978
515
3076
1425
7523
9543
2269
3268
3158
7274
9390
4060
9600
6540
9556
7179
4481
4833
6152
472
2838
6958
2616
8946
4096
476
6976
3461
9136
9630
9317
6837
8754
3375
8462
1303
8739
4277
399
3408
5953
4739
8051
4500
4573
2266
1493
2592
5903
7950
4267
2612
7415
4391
7024
8584
2459
574
9260
5823
5826
5928
6963
441
1131
2607
1959
8578
3451
7675
7162
7352
993
9071
148
1194
5656
1568
2429
9883
2201
1953
2167
9750
5177
6441
9963
4156
8726
6134
8575
8344
442
3595
241
4388
5146
7957
7651
6500
1389
3707
2419
2816
5644
1459
885
3360
2851
2226
9631
8256
5633
8923
209
466
9793
7017
9759
386
6229
4488
7564
3477
4636
4557
452
6091
8241
2373
8582
6211
4192
3819
2733
2237
9604
7524
2826
2091
9138
5796
3728
8913
2124
5587
91
3180
4931
7434
1197
3663
5260
471
151
8104
3645
9185
7840
7905
1493
757
2341
1746
4149
4382
1069
1219
2479
4483
1608
8863
5737
2459
4340
3397
4846
4236
5243
88
4882
7712
9692
1862
5919
2552
3460
8646
9232
11
4041
1802
6170
2983
8803
8228
7506
809
935
2357
1887
6295
273
2001
6493
8106
270
4638
7259
9657
2260
2363
9698
720
8094
2220
7826
6896
6311
6788
2794
5631
1634
4028
6196
5728
4564
9535
2491
4606
6671
7336
6649
6690
9339
9699
498
5109
7587
672
8631
8607
7370
8439
567
5709
6920
6629
1352
8480
7188
1860
318
5682
8160
9672
7526
6804
1292
1846
9186
2371
2776
6159
513
4650
761
9114
4906
7904
375
2832
2789
818
4897
1937
8758
1051
6285
5796
7479
9215
672
7371
5617
1543
8998
6421
9910
2887
3471
5853
3070
2316
9382
5471
8251
1553
8703
4843
5867
1440
5853
1314
1931
4309
5213
6317
3859
4478
1378
9886
2817
1215
4158
9726
7301
4467
4713
6325
4615
7868
9249
9320
640
971
5823
7788
4059
4283
4082
4280
6937
9032
6634
2393
2843
3181
1170
5392
4768
2651
3163
9094
7852
2613
3170
3791
6737
3896
3741
6748
8188
6361
6087
5594
6702
2838
7637
2521
7861
3662
3204
3319
2087
1196
4641
1130
4539
7823
6597
6108
6212
9045
7211
8688
5754
8533
4128
8772
6086
5100
7525
6639
7594
6192
3972
2473
7388
6560
2621
1434
7565
3420
3019
1626
1481
2001
4056
3144
6413
9484
7049
2726
1776
8464
4119
3170
1712
6355
9356
4703
3691
6995
5719
1969
9622
4981
8155
4312
6844
4046
1130
3316
5447
1802
3033
1095
4676
4762
5793
3640
6998
3627
3442
1251
7882
8929
7107
9485
8242
9795
7786
3718
4129
5631
8292
151
8962
6654
2034
9899
2117
8002
4609
3898
9670
876
6676
6448
235
5131
5600
3613
1355
3983
2532
2677
8742
4779
1331
3832
7492
6456
5071
43
1966
3286
419
4437
3139
269
9548
870
1816
530
7430
1345
5472
4006
5679
7259
9939
7176
3818
2492
942
1739
7571
4738
5079
5394
6602
1156
8458
7719
6813
9492
1941
2395
6150
4718
829
551
5150
477
2171
9186
2364
7117
7703
8331
8367
4011
479
9558
3091
3368
7540
9092
9331
2204
1137
7706
5468
2840
4968
5748
4730
260
7435
3202
3922
6422
6084
8032
3162
1012
1330
3284
2200
4033
3984
5281
3798
9091
8676
3880
575
1014
8705
1566
1081
9593
4377
9864
1183
3429
6690
5666
8633
510
9027
6256
4506
6627
8524
9948
1062
5231
7264
4030
5806
6194
7456
3514
8873
1961
6068
4898
2689
4377
5512
3756
9336
5948
4530
3279
7253
7314
7260
8375
1470
104
1330
504
5251
5686
2393
6287
6741
2786
537
2051
8577
4339
2841
4362
6701
5472
3510
5609
1534
3622
1839
5732
1267
3784
9808
291
6066
5393
4617
3125
1005
2629
8971
3406
5137
4197
510
3756
7931
785
7842
2536
1798
7400
6576
3351
9813
8252
283
1488
329
7056
2281
3672
6000
3891
7064
2105
1804
3574
7391
3441
4555
7929
850
2182
455
5476
4385
7736
8188
7345
4862
5887
9217
8807
377
4211
2757
1072
9017
3259
1336
1788
665
3053
4579
8751
5453
6804
4180
8438
8208
1983
8602
9655
8140
9781
1434
9718
1108
6615
8812
2100
2737
4094
1589
9793
631
2628
8721
6322
3108
9758
1852
5214
1797
2422
46
882
1220
8584
6609
2021
1169
4978
8640
357
556
1038
2190
4624
877
1404
31
5247
1152
4632
6551
1933
2992
1532
6349
8885
7231
1902
124
4569
143
5129
7958
1679
8000
9897
1413
9302
710
4784
4016
5366
3542
2742
3382
6757
6830
5037
698
7878
8542
770
5643
8684
1975
5311
1534
4717
5902
2414
3786
273
812
3528
8080
7882
8117
6444
4997
4685
3811
1067
1118
1518
7503
7407
5623
3018
5388
5996
3856
8270
3520
5887
9364
4149
4815
1795
9399
7998
1350
2882
6331
8156
3008
2904
3679
2198
2104
7908
2773
6719
8188
3768
4270
1841
8763
5551
2629
7442
2683
9870
7044
4057
6249
4195
8439
3674
3982
8682
8555
9628
1450
6575
8946
3579
2943
8813
5655
3305
7453
2485
7688
9104
3701
8330
3205
6019
7165
6265
3491
5282
7839
6055
7532
5644
9966
5474
3111
4367
2054
5993
5552
1595
7662
5063
5780
4580
7469
4139
1564
5542
6534
1619
8515
755
1634
1767
7301
5064
5401
8994
4694
6190
7628
4266
4172
9276
7985
7969
6890
8409
1740
2836
5113
3631
6807
6833
4581
2315
5406
5925
8530
3393
4569
8531
4442
1341
3543
2881
3700
4468
3091
8076
3825
9961
4582
7148
4182
6747
8153
3539
7377
4379
5428
4782
6235
7500
6488
1582
8057
1331
5814
4624
6590
8366
1354
3432
6720
7633
8919
2253
3941
6027
2720
4973
458
6103
9057
5265
9263
1134
4536
972
611
8682
1762
1101
6648
870
7878
6516
3315
8225
6792
3120
9442
3489
6684
6054
5674
6276
6888
6639
3660
977
196
1369
9539
4077
7456
205
2988
3754
1154
8720
3426
5930
8106
7059
8550
2465
5924
4677
4728
7288
6634
4649
228
6430
9539
274
3947
2777
5900
170
5277
858
8210
9954
3840
7231
1833
2644
8464
1601
5659
2404
7571
5774
7200
7845
5655
2209
4087
1624
411
9949
1039
9423
2951
5769
20
5359
1336
7861
6521
6452
5628
8746
9758
2574
678
8608
1870
9465
7279
8857
1400
6891
8074
2346
2664
4983
4913
5482
6498
8734
3889
9571
5258
2037
7983
2246
2338
1
5045
1931
3025
6511
3757
6454
2572
6736
2281
196
6484
5026
4125
6037
7677
1514
7130
3668
5734
2476
1431
2241
7481
3917
4782
8031
6080
2176
7680
457
562
1213
9766
2176
6457
8592
133
7504
9121
557
3133
4992
6864
7697
9054
2392
9196
3507
9416
8381
2733
9914
8189
1192
6609
7064
3861
6837
4149
3268
2558
934
9063
7893
7518
615
9077
2858
8727
7021
6705
6071
2725
6280
6420
8794
1895
6776
5611
1756
4807
571
2963
8131
600
1668
2877
323
2539
6376
1533
9972
6638
9025
2069
8319
6626
3973
8505
9699
4039
9153
5823
2740
2710
6895
421
1379
2410
3639
254
6056
5228
7314
7194
9132
8682
4073
7249
7587
4964
9708
5164
7270
7810
9695
625
6767
1269
6126
9609
8605
8409
6945
6751
9320
8387
4762
9703
7790
3437
5739
4360
9516
7963
4309
5768
8440
4089
732
6082
7851
7123
5430
7286
6492
9392
882
3246
7831
5580
2501
9737
6749
9681
8799
3574
517
1073
1244
7710
9632
3539
2663
5085
7290
9575
4377
9055
4541
152
5439
212
5087
2333
2249
9071
3899
2795
5487
5745
4349
1147
5166
8044
2855
8211
9152
6423
7425
2916
6586
1741
6749
5344
1727
9010
2920
7926
6609
7524
7101
7723
8823
7625
228
4678
5467
299
6199
7047
154
6637
1124
7173
4462
872
8879
580
2217
7398
6383
6240
6407
2810
281
1512
7398
1194
3962
8569
2978
9707
3101
4038
5929
5448
8716
465
7869
7742
9555
3897
5384
7126
7921
4048
8617
3103
5224
7239
3452
5768
6211
3576
5288
2536
8359
7328
7554
7018
6850
5607
7487
3288
6465
77
9735
6450
1933
5059
5237
4075
5
9763
2443
6673
5303
5917
6130
3687
9175
1456
5999
8608
8338
3041
6817
5946
6013
4570
1910
5109
8358
9618
9949
8687
8172
8245
4199
9341
2427
5024
2615
2792
9247
2459
664
433
3514
6803
5454
5378
2272
8419
8484
4371
831
2638
1669
1190
2989
9308
4582
7519
7225
9103
4192
4947
3523
4896
395
9116
6664
4571
2486
4583
5494
1796
6132
4987
7854
3700
5424
3109
4679
1172
9553
6356
7086
852
1208
6222
6859
9081
8006
45
3328
3601
9947
3402
5419
3188
5833
2948
1594
7449
5607
4189
9566
1569
4401
3234
6967
9700
8525
4820
8367
2247
7416
1944
1124
9687
8303
4983
7565
9541
6266
8978
8781
9373
2818
3767
1141
772
9699
8024
5892
1373
5373
1550
4410
7193
21
6634
6810
1401
2200
5507
4590
113
7071
8081
4020
3178
829
9733
4533
4948
8022
3411
5638
4999
5226
3421
9624
7812
8447
5741
9739
5885
509
5182
3391
4573
3730
7560
5770
7141
4758
902
8406
3332
6184
6998
5058
2946
2391
3820
7128
6362
2622
1267
5647
9538
4487
9121
3159
792
960
8790
2801
2874
3866
5265
4705
8418
110
8991
8988
5069
8506
5313
203
3062
409
1001
4834
8147
8561
3184
5786
6395
6502
5351
3770
9539
1868
7432
8773
4756
9593
1080
9804
8779
8729
2731
4692
4493
6555
676
178
7444
57
4632
8739
9610
4661
8318
4153
2593
5742
2069
2831
8956
194
6897
6477
7918
3373
2868
9335
8637
672
1237
1728
9314
6637
640
9852
9408
9055
1690
3730
2063
7990
9727
1297
7460
7472
2617
5690
5327
1779
3823
2218
8256
8326
9016
7563
2502
5968
8538
9041
4550
4632
6372
3519
6820
8123
6148
6940
6257
1996
405
3232
6274
7686
7833
776
1528
7661
1807
8745
2017
2147
6721
1665
1867
8342
5869
4969
9152
7414
7198
9446
50
9141
358
7567
4741
3335
3946
8121
4131
4776
5450
4862
1760
4333
1628
3421
7291
2322
3091
6762
3453
4115
9473
2758
5873
1398
2694
6073
4544
8853
1156
1644
6247
106
7665
8147
7416
1668
168
4199
1594
1622
2188
5458
4622
1341
7930
6435
4975
9698
1082
6994
9317
134
7281
8046
7590
90
8727
3169
825
8161
2592
53
2521
5661
2777
4335
9714
598
9648
8314
7819
8089
192
2607
3519
4237
7048
576
7626
1745
7575
2116
957
6497
8407
9756
2271
9303
6499
2692
1824
637
4485
470
6154
7089
4209
1320
214
4338
6360
2309
1192
1719
4473
8601
6761
9007
6218
8166
1343
8755
9791
212
7675
7575
7637
3606
4670
239
1342
8407
7352
6014
8441
2306
2223
3674
9533
1809
7753
7100
9906
7214
5591
8547
8524
5477
2862
5928
852
7034
6690
5419
3109
487
1873
8973
1200
5182
825
1223
5373
5645
3655
9960
4879
5343
5693
844
8642
2318
5295
9959
4371
4503
2363
3649
3948
262
7346
4203
2714
1632
2279
4623
5789
5456
1379
8966
476
6009
6707
4388
8035
4778
3839
5549
9178
5951
2823
9531
8019
5908
2571
8551
7695
1604
3624
5781
8253
4960
7610
3020
496
3724
4115
2418
76
4275
8998
4391
669
3946
3312
72
7604
6818
804
1124
1135
2423
7489
4235
2436
6966
3219
9905
5162
763
9378
9698
5460
392
1194
4368
7194
257
8872
5448
8933
6324
8974
3747
4631
567
2276
2520
8181
3658
27
2575
371
4363
3295
8656
2938
7160
1752
2809
1784
383
3245
5278
3236
177
8598
4843
4476
9989
5644
2261
7277
4856
7167
4879
6366
5570
3459
7881
2362
6789
1320
258
8696
1055
6821
5566
2376
606
3153
9074
4076
8915
9309
8908
2721
463
3969
3936
9385
7978
5394
1533
7079
7378
4620
7167
1318
5472
1170
2557
9269
663
4095
3042
1139
4966
8552
6953
8179
2909
7696
9409
2620
3804
1223
2496
6768
2502
1280
2132
1559
5444
7806
6069
615
2454
1882
1814
8226
9333
8707
8458
972
4532
659
6979
4872
8693
2234
9221
654
360
9338
1817
1307
2157
7838
9342
4517
9083
4727
5482
7368
7369
6788
2767
5698
409
6845
5832
1416
6053
2492
3058
6275
2577
2073
3816
1259
6096
33
8790
7838
7603
8530
6495
8188
9180
1093
6810
4258
9345
4617
8231
5522
4507
9848
3904
4587
4222
1576
3178
4650
3171
48
8251
2637
8865
5684
6021
4047
523
3408
7216
3990
3570
9277
6086
7733
1979
2323
1144
3709
7452
8427
2734
4999
575
5998
6956
9351
6089
9840
5936
1774
2772
4611
4007
6542
4249
4410
6111
3514
1001
5323
9415
858
5882
7231
3123
1720
191
8921
9212
5738
9648
8160
260
1740
5481
8475
6807
2793
5934
9960
7245
1622
5244
201
3532
1995
8091
7564
9786
143
9856
8998
8832
5551
2702
1899
4842
3562
6572
6732
8746
3388
2338
3005
845
3077
3853
5986
6373
8533
2066
8502
6038
663
8255
3191
8636
983
8285
5329
6201
2625
3826
9749
989
1048
9283
1654
1534
2079
3462
6449
9975
8471
4085
5462
3084
2806
5966
9719
7851
9360
4600
2811
4462
9909
6417
1632
9437
2199
5154
4763
2737
5398
6740
2685
2227
5081
1147
4868
6611
2347
2864
7482
4933
400
8765
62
8517
4003
2082
8878
4267
9325
4676
8030
3466
2260
7925
2023
6034
9838
2831
2159
8917
7664
25
528
5063
4487
1964
4536
462
6946
9696
5037
7225
9530
8735
4747
7709
3296
4715
6443
2346
5873
4683
4849
2013
4120
1888
8306
6271
656
3574
4240
234
2900
311
3780
3195
5222
8057
6455
9539
5096
6760
7357
4871
7914
222
7406
8216
4768
6078
754
9581
303
9680
2553
8924
5685
8038
4772
6551
5698
6733
163
2883
2678
7696
8300
7732
8664
8423
5349
1941
8673
5724
6990
9139
8339
4270
622
8841
6265
9806
1096
5190
972
6183
5641
7530
6318
7259
7425
3072
9335
8072
7084
6645
7194
7337
1452
5767
2644
569
2789
7416
7872
3346
1412
2818
5241
3299
1565
8356
7085
4337
8032
5291
8475
9444
2902
8364
3193
2610
6686
4477
8388
2793
9103
3139
7412
5350
7689
2054
7115
2803
2124
2785
1051
2876
4964
7990
9313
1586
3744
7934
786
6793
5038
3838
4512
2684
4660
6421
9608
5632
8413
2098
8684
7862
2479
2354
3096
4506
8917
1975
6195
9513
1550
148
8676
719
3664
1620
4110
5006
3914
8043
1258
9467
422
8597
9904
7394
7063
7530
7393
6921
4516
1619
8867
9218
5296
2662
4218
4123
4310
2316
4032
7487
5134
8628
1585
1791
4174
513
2581
8219
1648
7982
266
8698
7708
5714
4526
3962
1714
1871
7222
9153
9174
564
7998
8978
4216
1810
7310
1627
4078
2395
7028
2522
1041
7014
4164
256
1985
6783
9369
8414
6902
5548
6374
8108
6436
139
1934
7833
2474
3894
3020
3564
6407
9913
2288
1176
137
5050
1543
3727
9859
2870
4374
3421
9594
1821
2786
5317
8221
6484
6558
266
3887
6504
866
4227
8595
2882
373
449
3826
8582
3335
9693
4203
597
5630
330
3784
7891
3531
7498
4600
5027
1399
749
5711
2606
2815
9556
1206
2258
6137
5443
7408
4999
466
5540
4523
5069
6582
9512
5599
7617
5979
9529
9990
5070
1019
7596
1144
7873
1724
3778
9058
1397
9357
4045
9410
9996
6271
1503
3937
5503
5085
6157
2797
396
1642
4051
9170
4111
2470
2130
3845
9196
4924
3156
6317
6456
2123
8800
8702
3543
9535
8585
7667
1311
8028
3665
695
7324
5366
8058
3488
9037
4223
1501
3849
4796
9822
7428
395
2331
8232
7281
9703
4234
1534
5970
8690
7365
2227
9132
1358
1641
6296
3332
2096
4151
4742
8381
9811
2145
1288
1963
921
6450
4530
6758
585
746
1137
9082
7626
9479
1857
8475
2794
6079
7109
9286
4699
1706
3190
2531
9195
3372
2347
2119
3230
7648
8130
5845
7274
6080
7912
3700
2303
8305
1563
9276
6897
587
969
8954
8099
1206
4260
1124
8002
6624
4229
5222
6107
2507
2729
3146
8698
7812
6556
8629
3408
4701
9089
5038
9280
6301
1580
5755
1862
7853
3692
6372
852
2211
296
7640
7099
7915
2565
7406
3954
1457
9537
5908
6694
4620
4543
7843
2942
6292
7023
244
3706
3364
2841
7243
7480
7915
1462
353
978
9020
6812
7905
9223
5637
8164
9336
2004
9580
8201
5039
9615
469
7903
8740
1440
5201
4749
9844
7053
6753
1512
3510
400
6408
9278
7937
9543
8254
6684
509
1063
4705
8140
1015
5742
2357
9935
958
3172
3628
3955
5162
5149
9265
8145
4204
4030
5422
9526
8000
6281
7998
6475
9536
1878
1229
1427
7202
7728
987
4160
5362
3098
3839
147
6698
1692
88
4494
8189
6862
559
2199
7907
2783
8856
6492
4190
290
4552
6238
9084
5702
2160
3100
2629
7697
279
4236
8484
2840
4838
487
3539
8478
6060
7346
5839
7526
6514
885
1354
1222
1817
4906
3439
9242
623
5124
5728
8194
5265
2122
8299
7130
6250
3838
8731
532
890
8638
3851
4307
4962
4422
2453
982
411
5791
4377
9520
5862
9304
5513
6208
9854
2000
8785
5346
6858
5869
612
6369
9438
221
1041
4935
849
3126
2756
2290
5626
5932
1369
5637
691
3535
8444
2760
6384
6381
4284
4749
8937
5179
382
209
3282
7036
2029
4602
1163
6155
4910
2131
8004
4523
8418
1665
4361
6825
6421
1233
4859
2986
1700
5185
526
5927
6507
4263
1695
3697
7324
2050
9630
9362
9884
4251
8681
2978
7703
5191
1609
4706
2740
5068
5749
1529
2131
3645
4404
4905
1458
2308
6097
3981
4911
6763
7959
7057
5336
4424
5915
7582
30
3874
5833
3425
2472
3732
5607
5302
4132
6477
6566
5846
1544
5680
6534
9258
8519
5423
4649
3803
607
4032
128
1336
8398
1913
8193
1635
181
3021
970
5785
6997
739
7648
811
5670
7855
3920
2493
3735
2559
5062
2603
7183
2404
2636
5267
210
1371
794
2019
1167
9399
8508
8464
1382
2957
8529
4272
4679
8828
2895
8533
2565
9958
7412
518
2202
4704
9592
8459
9876
3874
766
8548
4173
7211
9913
5879
1528
3556
1867
4437
9159
9823
3273
3592
5914
5020
7754
603
2258
4407
8574
8502
3
754
556
276
1288
2139
6483
9507
6672
3257
2242
3719
9382
2296
8867
6187
2318
1231
6081
837
7803
6618
7995
5
7294
1529
961
4474
2041
8452
8459
7441
5426
8233
969
9435
2467
9988
6725
1481
750
4522
8725
7510
5341
7233
9756
3970
119
9295
9424
8535
6607
6462
2006
8170
8167
1385
2553
7471
8802
8550
9546
9945
7334
5376
34
4173
944
2399
6002
5105
562
1846
8523
5783
5255
5449
7258
6272
760
2969
9627
1103
6663
6286
4078
9819
4727
2320
2791
3456
8351
2305
8927
2946
1828
6730
6521
4175
3571
2433
271
7840
7648
3572
1050
2924
5864
101
9184
4362
6355
1441
1927
272
70
5662
5752
2973
4981
5105
8063
159
1573
8890
9487
1537
8974
6589
3666
1637
9184
7885
3726
298
7213
326
7011
5546
8228
8455
9201
6883
7262
427
3031
6624
3809
1459
1286
2563
6146
305
100
3889
6471
835
4284
3082
1082
6858
5362
9027
2282
39
6324
2818
3484
1329
1292
1957
9199
261
6451
2208
2252
7354
1344
753
3276
9039
3613
113
1539
5748
7034
5770
5467
7074
4027
6031
7660
2248
3292
6477
4582
7427
9030
9308
7905
5849
7641
4209
3516
9089
8217
4516
9938
5459
9045
5928
6490
200
7042
1852
9309
3021
9878
8510
1395
8106
8640
551
518
4201
1173
6038
3688
7925
9430
5837
353
2833
5101
6866
240
4017
3958
8131
3954
3209
8667
6762
2561
2369
5831
2232
7812
8337
9900
1873
644
8767
159
5603
846
6738
7233
6516
9636
9505
1433
5544
7775
1229
8141
2812
1567
4408
7120
2882
9266
7233
8693
9241
9059
8878
4113
6695
7562
3236
4127
5974
5938
8533
5133
9865
199
6454
1219
6106
8430
3916
5460
1009
6671
1059
6637
4962
573
3963
4522
3124
7766
575
9192
5962
5413
2515
8981
5392
645
8841
8099
579
3552
1312
6588
4381
3462
778
6816
1019
9929
4297
5289
8477
7589
7189
6847
9482
9581
7052
6232
8734
2288
1622
119
3665
8859
6372
6677
2484
7512
1717
4045
1274
3700
4533
6321
2689
7486
9570
6699
1917
5434
8683
3646
7647
6166
6440
2250
3143
7332
1617
6797
9763
7094
5788
1415
7602
3704
6213
3847
5465
3255
6924
3601
2593
880
5014
9585
6476
5347
4849
5832
914
7733
969
5381
6028
8069
1983
9952
7596
1366
7868
7775
2119
2299
2322
2123
3872
7618
139
7293
5603
7495
3617
5010
4362
8345
4137
1854
7615
7225
9404
1997
863
974
6804
5748
8983
2246
7423
8725
8734
8391
3683
673
2447
2068
9295
4136
6705
1355
2473
8797
8260
91
5961
2165
6762
9698
3441
7053
2224
1364
9879
3483
4392
169
1553
1677
3269
7133
9116
4382
257
3387
4857
4023
5790
3923
3829
8482
1815
7272
5891
2089
3539
7895
5768
3533
1446
8385
9522
691
8275
1785
8742
4153
7921
4169
4132
4502
1801
3407
4522
1487
3146
3989
7458
2629
6921
1006
1320
4476
3896
3036
9533
8535
7729
8959
1265
7519
416
2296
1120
7970
746
539
7084
7416
6254
2867
1010
5809
7447
6991
6908
8635
7579
8202
4098
9999
5523
2745
2622
1418
1942
5069
4539
4970
7668
616
8537
4062
1789
5580
1040
6000
1292
2127
1709
8527
2275
6923
686
4612
3332
6722
3510
8310
2649
94
670
7545
448
1046
6681
2209
2359
2717
9089
9301
624
8661
3683
6319
4385
1793
9316
32
8010
2583
5887
5791
5332
9012
4684
7650
4995
8618
2622
4773
2039
7877
8633
6967
4053
1387
4669
5045
8141
6625
7348
5566
4247
1226
6708
4933
5423
7898
7570
6501
6218
4249
7092
1855
4724
308
784
3838
9064
4941
1430
3004
2091
4562
2358
3997
4917
4955
6864
6905
3949
6893
1431
6744
4768
2940
7888
5093
701
7853
4605
3749
6624
3449
1936
2145
121
4829
3838
9966
3784
3374
9266
4734
8536
1003
267
1552
5925
27
3844
1602
2667
5556
3757
1622
5372
3773
7755
7123
2590
8796
7785
6834
5311
201
1865
9737
1541
7268
6811
2293
4167
4642
2424
0
3857
9618
5483
9778
5320
4525
5725
4083
5275
4140
540
2942
1
2644
504
2562
261
5068
122
3682
9371
4495
7793
8332
7214
7741
2233
9527
9127
3900
6138
5909
3324
6987
2171
1048
2306
2407
9489
4833
321
247
5656
1475
35
3938
4540
7430
5160
5649
2324
9784
697
3646
8220
8814
4646
4475
3886
3464
3118
1504
5564
3506
8811
1596
445
8070
5496
3804
2450
5935
3872
3690
9299
4217
9221
2445
5626
8276
2345
9550
8668
3415
1772
811
8175
2162
6866
1796
8893
5467
1632
6610
148
218
6835
6791
615
6128
6846
6417
8420
8994
5550
6121
674
1908
2315
9320
9879
7168
4253
8152
4180
4821
4216
6344
6094
1484
3638
8618
2746
4390
3904
1094
6164
2978
1673
7138
5051
203
5734
5129
9068
1197
3277
3159
5466
3624
202
2935
5719
413
7752
6435
2130
5909
6498
5851
6125
1217
4198
5890
3801
9388
3138
7121
2656
4221
8095
1742
3983
3513
3126
1928
7966
4053
3043
8825
3694
1513
2373
1582
2958
4463
8894
3043
5401
2155
8174
8247
5663
853
4150
6431
6238
4049
1227
1511
9070
1392
1898
2866
1622
5535
3042
1474
9838
5805
5618
8131
1410
3419
9408
114
2607
1772
3795
60
7357
7595
462
6993
73
2315
1994
71
1550
6489
5454
2810
2752
958
2878
6913
4452
8610
2349
2252
7087
4634
7471
7385
8314
7666
2944
3158
2063
6661
1803
2561
5650
6745
648
2156
6287
3624
758
8348
5788
6168
2528
2336
4506
5244
9118
3406
6078
500
4219
5257
9638
1888
2159
7119
8266
8306
1992
2959
8305
7504
1962
1527
2813
2313
7408
9292
4532
3503
7373
8291
2508
8434
2708
3580
3073
6350
7376
942
3414
6363
7201
157
9351
8930
500
9208
1126
767
3917
4863
4586
8913
8115
1938
7088
7823
1721
1989
2589
1333
5397
4816
1601
6731
1262
866
4953
5591
4903
1125
5922
1257
4306
5212
6933
7540
2179
4729
8435
7965
5538
2844
8782
5643
7436
6118
9921
3583
8711
2860
8989
1693
3712
8422
9234
776
963
6375
8566
3803
8998
1239
8629
9364
3123
4795
7765
2171
3296
6006
7716
4928
6060
4425
9824
1107
2056
2263
2051
141
9663
2916
5225
1548
1155
4475
6368
3211
5558
6541
5643
1631
9075
439
1155
8206
7831
8781
5882
5755
4526
6691
4269
6716
7422
1179
7557
3949
3178
9032
5194
9549
4964
3857
7717
4725
3603
6705
2992
9529
2396
4939
8717
9735
912
6442
2288
1469
4946
9543
1337
6423
6179
2388
5106
4853
8364
7685
6209
6523
2887
9918
2458
723
8987
5095
3381
2685
626
6893
2695
4710
616
6290
4080
3574
5186
3028
8672
3171
6377
5403
3830
9668
82
252
7799
5984
5787
9707
2103
5908
5731
5565
5160
6947
3191
8283
2252
1639
5429
5122
4824
4886
3086
9800
2599
5409
2909
8041
1879
9494
8095
3455
789
9525
3902
7248
9584
1055
9950
6241
2284
5994
4354
329
2022
8417
5756
8336
1823
5144
8000
9862
7815
3966
7427
784
6007
8987
421
1260
3114
7497
9768
7078
4297
7902
540
4676
6786
8487
5081
9964
6564
4817
5720
4085
7610
2465
7551
202
321
212
1671
4971
2936
7856
2667
4446
227
633
478
8307
6428
5007
6233
4581
3415
3061
4417
6892
7327
8685
2881
1423
3058
2030
5161
982
8422
3287
2867
5774
3463
9838
61
7478
7311
2961
6872
3366
4048
6542
5596
7936
6737
9294
3702
3486
3586
7051
8239
7115
733
4419
1562
8110
923
5253
9129
1680
5648
8536
2844
7359
7445
3642
9192
5931
1008
8502
288
5245
6722
2015
195
9144
4589
5145
5106
5943
495
423
4091
6486
399
798
1302
925
2803
7513
4828
1591
44
7990
4479
3185
9999
2093
6459
8445
4352
9457
3095
1782
909
4191
4183
1534
8436
7012
9105
3428
7362
4251
2169
337
8761
9219
2540
801
8253
6270
4086
5311
3468
9222
4336
5816
5800
5323
8425
642
4706
9816
5152
390
8196
243
4267
2792
10
2578
5655
679
3982
5659
189
3120
2848
3604
7021
141
2286
2585
6810
1643
1733
2636
9474
6249
3588
4583
8056
5036
777
8077
1183
9871
4427
142
4133
3192
9092
265
649
1766
8264
7020
8683
5014
1094
7927
4527
6309
8410
6462
9502
6576
7628
2429
4025
4567
4937
3702
4538
9248
9099
2373
1593
695
6792
165
455
1555
4900
1804
1579
3492
5860
8769
2375
9081
2177
1550
9526
4270
2452
9632
772
8738
5252
4347
6761
742
9321
3179
8900
4978
9916
421
8721
2882
717
4748
5078
8365
2416
7935
640
3638
5125
5775
6628
7387
9699
9375
8900
6811
3457
6276
5441
2805
1953
2076
5000
3883
3417
6171
330
2965
8766
2736
8731
370
9343
838
2087
330
2619
2694
4140
3022
8289
5562
5256
385
5378
7100
3392
1344
9013
237
7529
5260
3207
1234
1511
6217
7772
3465
9232
1422
1254
8921
9884
5581
1985
2359
4684
2925
8473
2709
291
8626
6057
2789
3525
671
7009
6827
4571
4977
3187
1248
3584
8236
7930
5779
1292
5396
3111
4810
7338
8690
681
9926
1847
582
6936
1892
6154
4507
6719
3200
9786
6070
7620
6532
7121
8232
6820
4942
123
8995
9712
5632
2202
297
3086
1889
4986
720
7534
1121
7388
8418
7914
6073
9633
4801
7848
4097
8613
168
1759
2763
6389
3148
4084
6524
8878
2785
6496
2235
1828
8905
9663
6146
5771
583
4136
9794
4998
6738
5364
9395
7850
1685
6141
4712
2093
7459
8100
4593
7856
1624
9007
7434
4087
8138
2717
1249
657
302
2455
5349
7384
5655
7094
2649
4631
2730
315
5784
9891
5357
6766
4851
4631
8109
4902
4582
1520
8431
8625
8824
6817
6974
4786
8129
4260
3747
9221
534
286
5811
6047
4112
478
9714
918
26
9938
2149
3866
7577
5253
741
9008
374
6889
6480
9129
5207
8749
6537
7491
1788
1467
6495
2171
9252
6577
8540
8910
9056
8105
4852
2235
1151
6311
3613
7590
8825
4351
4029
4107
3640
145
1775
9437
351
6178
2624
171
302
56
8966
237
446
9921
7231
9745
7847
1793
4007
1468
8802
470
2020
3071
8200
8217
6412
5432
4905
1428
9158
7330
200
2586
2846
106
995
3352
5969
9118
7969
3462
1768
900
8901
9401
8338
5205
3103
2872
6410
3668
8929
5561
4776
6143
2926
680
275
2465
4638
9187
9524
2353
6943
1701
4902
1402
2358
557
4041
232
5971
9402
8789
268
706
7333
636
7564
7214
1531
3320
4714
4576
5206
6916
511
1637
7895
6263
9540
2637
4274
3754
7453
5792
6069
3883
8147
9403
3814
3194
1260
8136
6217
8961
1176
2188
6667
8672
2315
9433
4989
8582
498
5652
7248
1772
5732
497
6986
6699
6967
1386
4755
7614
8347
142
6031
4018
7527
3143
8807
1625
4798
5972
2966
5550
8333
5604
9917
5235
5988
1348
35
1975
8719
240
285
6147
2960
6390
5814
531
91
1768
3515
3394
3902
1775
6789
6606
4906
701
7252
9562
4658
1403
5861
258
2351
3313
7296
1081
173
9124
8928
1887
6438
6905
4351
9391
3737
2648
9086
5140
6615
8891
8526
27
1146
6454
3582
2851
7826
3681
4721
8209
7868
2833
3099
9264
8433
5429
2760
1702
7625
8731
7337
7154
379
3506
4924
2258
6258
9835
6358
3024
1789
6233
64
6428
3411
7079
9532
293
8816
8168
6210
4801
3441
7866
7899
7645
7384
4836
2377
6478
3245
8958
2225
6501
2369
4912
3814
9968
1087
1395
6451
3998
2770
2371
7509
2043
7773
3766
6387
585
4523
3030
8698
3839
548
2874
1577
3163
328
9347
4134
404
8091
1186
4476
4443
7533
9927
1490
7887
1781
9892
6584
2255
3561
4975
2144
6026
9276
4311
8071
4514
4709
7150
1455
3359
1448
3941
490
4656
3172
1205
1013
2797
8264
9641
3359
5608
6802
8058
7236
449
6582
2578
6042
7193
2631
8449
1431
9982
8101
5918
3341
7429
963
7669
6036
2101
307
7231
9234
2624
5473
5503
6441
1149
5881
9241
3837
2000
166
4557
3440
9884
2456
257
7260
3567
9488
588
1981
8523
6219
8383
1384
6500
3657
4446
4028
8885
5945
1676
1364
7117
7411
8773
2069
5735
449
3092
5722
440
5306
8949
3258
1954
9245
1957
3331
6341
2855
1957
4005
9604
7938
1246
989
149
2250
7294
7196
5586
220
2976
2852
9597
9277
5546
5231
1137
4100
2992
8507
2947
6981
4534
9574
4199
635
2770
8338
5823
641
7104
821
1870
8046
6863
5359
5787
5483
1320
7257
5153
2369
3439
4695
7619
8132
8611
1417
4861
1686
6879
4260
3654
1657
9619
4631
9313
8069
7628
8701
6546
3266
3775
5231
5421
6675
6630
627
7707
575
4097
2517
7686
3565
5966
2976
1604
6155
2899
88
3824
6747
9287
791
8659
8427
9728
147
1010
9583
7176
1817
897
1485
8697
8392
6757
2581
2183
6236
8007
5835
9181
2389
1557
819
223
8899
9026
9687
4702
2800
638
1272
1451
3019
5248
4366
5059
7020
7871
9838
648
297
8512
4999
9456
8132
7274
9497
2454
3614
3077
4979
4031
5117
9889
423
3783
6277
3395
8204
3706
2774
1402
8623
8062
1633
5680
1448
1741
248
4140
3172
8961
9041
6644
9892
8360
9751
1343
4673
9351
5902
5817
2283
2651
8785
3024
9789
986
9929
1595
5870
7640
3259
9658
6742
3686
95
4120
6138
6597
9657
2141
9751
215
9542
8048
9687
5238
997
8762
4019
239
7599
709
2022
2502
8372
4452
1401
6765
4244
4124
6544
3279
3574
5488
6144
4054
825
842
6091
7324
436
709
9194
943
4444
4568
773
8430
210
1501
8482
4448
6342
9103
6040
7076
2316
977
8127
4546
6297
2892
5015
6528
3114
7137
5617
9601
4177
396
1277
3609
2318
7129
129
1531
6630
5409
3074
8499
5122
1052
9858
4831
6358
8410
6551
8280
7948
4461
9572
8175
76
5422
8166
4274
3035
1424
8125
1309
7438
9058
1269
6365
9241
5085
6288
9281
6552
6509
5217
2841
8472
4669
5960
1456
9459
1387
1653
6118
2791
6026
6139
6150
5138
6743
2242
2615
4972
3027
7112
1485
4961
574
6966
3311
6042
1525
1099
6451
3398
8386
9543
5590
3338
3138
6150
3048
4194
2037
3255
9251
6498
94
7911
8940
3790
2153
991
4963
7427
9852
6663
7669
1856
2150
1301
6321
7380
1301
6374
6887
8021
8596
6888
4075
7978
8272
7186
8937
1462
9020
2304
2851
530
9803
7470
4022
1765
4026
8145
9371
2834
9984
5709
7017
9759
4381
5206
2407
3693
8144
7478
5871
7001
6309
1335
7758
2286
8411
9294
9448
3956
1908
4661
4505
3881
1445
9412
4118
3642
2317
1595
178
3247
7427
2445
6509
8848
232
6204
3782
2088
8827
7998
7617
8468
3403
4745
8179
5512
8103
8096
8682
9103
5889
506
1066
204
2178
3803
1282
5666
743
3793
2541
3868
4952
3741
933
9258
2681
2268
2353
5208
2586
4802
9503
2717
3065
3010
1629
8301
5800
2299
2209
555
2968
2754
7321
975
260
9048
1341
5760
3275
6553
3168
8974
2917
2865
9397
3310
1414
8298
9789
5043
3985
1398
6911
7269
6676
325
4353
9777
7617
7108
1507
8589
8908
642
4539
7350
5872
5040
5258
8360
3341
3013
7454
6505
716
6795
8673
2434
755
9753
2830
5515
3619
1806
6435
4034
1982
4247
2482
6920
871
701
8962
7160
9378
5150
6371
773
9050
3014
7215
7391
3473
4826
2955
8689
4210
6448
6957
570
5954
6078
5111
5685
1317
7326
3345
920
6717
7819
5445
5478
6382
1020
5844
1
8188
3241
8278
8624
4550
6638
2175
9336
1308
1099
1836
5930
251
2709
7165
7657
601
8573
5181
2422
955
3691
8492
7290
2565
5319
7502
8703
2441
4675
4491
3243
7440
6648
1479
8618
6535
7916
7597
7415
6849
9037
7077
3895
9066
2797
9701
8547
1435
6297
2787
9216
1289
8536
152
364
5640
2236
6655
1014
254
760
6301
2618
1650
7583
1499
6489
9250
7972
6399
1137
5268
4324
9417
350
3748
6908
9353
4012
2525
5479
5005
8
5699
8184
8152
2626
8956
9825
3455
2449
9151
7598
3805
2595
132
1825
1110
527
3995
8187
4056
602
9081
6035
3469
2482
3005
8838
7069
1642
1441
9659
1585
1730
8892
8529
9410
3825
5172
5768
8800
6146
7057
873
430
8330
5132
7795
2459
3058
9254
3379
4252
5364
453
5887
2804
4662
2905
6879
4101
1534
1965
632
2832
1985
9817
4279
9145
3165
2149
9286
7302
6495
599
5518
710
2257
9149
8409
3598
660
9830
2642
430
7110
171
1884
9619
6959
9996
5995
6438
1070
4324
7427
369
859
5054
9468
4577
9609
2433
606
2358
7866
7767
6271
5464
4318
4364
5398
6900
4842
3857
459
5076
2289
271
9133
2557
1250
4361
2975
1602
9757
7371
7840
5829
6915
7599
7413
7950
6025
9326
3110
6644
1864
5747
2946
8248
597
2203
4399
7409
7000
6793
882
2065
2219
9814
1415
1687
6193
4053
2862
3982
5168
5589
6242
3379
1916
9775
9095
2852
8866
3919
5247
803
8126
4832
713
6905
4649
7712
8168
2008
3826
1539
5643
5929
1383
4307
4382
9060
4529
5812
4716
6046
9770
8038
5710
9357
9740
9652
7333
1751
2375
2489
5952
6616
9038
1282
506
4497
4414
414
2324
9598
6060
4722
5322
3248
4954
1802
5989
4537
7222
7162
9597
5511
608
7538
1960
71
9413
7120
8579
8587
8460
2159
1835
7414
7885
5181
9033
4387
5593
7274
5448
4790
7690
6268
6212
2714
2759
3712
3025
6250
6404
9386
8821
8267
4
1918
9715
4150
7884
7944
2261
820
2038
8677
3157
5809
6574
6436
9848
3891
6013
7559
2775
8836
9439
7843
4012
9211
5987
3927
2165
4570
5167
6346
9720
1856
7229
3485
3588
333
1381
8415
3151
182
5560
2463
9825
4895
4775
1308
2972
197
1870
4393
6951
8798
2705
2012
6741
7511
465
4677
3479
7069
2506
7820
4635
2936
2940
8931
5166
6993
2853
6219
3173
3701
903
9474
4404
2289
8763
473
8522
2141
8609
6452
489
1109
2243
139
7189
4450
8085
6910
6697
4280
4171
6117
2688
8824
4728
1924
6246
4390
1773
9070
7180
8965
4086
4113
2322
1310
5325
5167
1460
607
1914
1629
6244
7984
2136
7347
4704
9776
3860
4708
7103
2671
1364
3304
3981
8565
9890
7893
8400
7839
2612
3213
8039
6010
2762
8592
5566
391
4307
145
7664
5727
3339
4615
522
8208
2277
1770
3688
2902
305
6125
7022
1381
5483
1019
2917
7121
2960
8921
5040
3489
3901
4411
3930
8856
1126
6227
9805
7875
7279
2021
7457
817
9579
2806
9616
7948
6366
7202
9682
1846
33
1564
8682
8750
1522
2656
4764
7346
6821
7061
633
6895
5964
4894
1433
2851
302
367
1475
2212
7559
6301
5052
2297
6491
5182
5337
7958
1240
8160
6611
5381
3095
9653
5383
4367
6574
9900
8774
3179
9510
8699
6192
5149
5604
216
8808
5184
6151
9831
7348
7662
4461
622
9107
7163
4881
3156
9499
674
5013
5640
4446
3719
4296
5005
4168
9276
5236
9875
5352
4271
4614
5585
6376
6272
395
318
1547
6737
5252
2816
7715
6230
4438
6811
11
1035
1984
3451
8215
5477
3034
1757
6151
4289
3366
8183
7490
5224
7398
9336
6132
5492
5466
5962
4630
2156
5331
372
9063
7115
5609
7308
164
3327
7270
4426
7465
5646
1997
5783
6100
1250
7930
3076
8690
9573
8888
2967
9336
7480
2009
6785
6352
2445
2117
475
1006
1604
6386
5822
9870
9122
4715
3489
8861
2382
4673
5949
6544
8534
9483
8797
4868
4286
1243
241
1555
5576
5887
3938
6575
9519
8625
7024
2831
3629
7515
5606
3300
5037
3722
991
8038
4651
3022
6418
9008
2231
315
1705
7716
4200
4655
2688
2652
1725
912
9000
5582
591
7185
1483
9355
4930
3169
5530
8709
378
6465
3521
3707
106
6272
8108
7186
7320
6789
8820
3041
4397
7655
9954
4521
4632
588
5620
5967
2098
8460
8349
6712
9868
5714
9702
5776
6468
8783
9730
2166
8151
2842
4160
6088
992
1512
841
2102
1935
1748
1450
1189
1396
7435
4939
6835
347
1366
9405
626
8706
6757
6547
5444
9780
581
8215
6561
4346
6286
1982
4471
8184
2427
901
8622
2131
7542
7434
3318
3394
4255
7208
7408
2098
7449
9178
9223
4579
1346
3568
585
8336
45
6015
6645
716
4110
2275
4003
7079
9729
8512
4714
2385
8455
9430
8146
1029
9294
3635
2135
7014
1499
3650
1446
1752
1159
4641
3927
5157
7107
560
4103
2688
5498
9749
2353
2038
2626
7725
3609
2384
8861
6413
7653
341
9138
166
1512
4701
4468
2647
364
5600
5548
3020
7226
1916
4935
2773
8009
2230
4046
8417
5954
9864
1630
5673
2220
9432
4564
6025
968
8873
2087
1193
5403
7818
8849
8362
643
5181
2651
2987
3224
6035
4692
7851
5601
4914
8606
2329
9712
1912
5910
3624
7755
185
7294
8046
3304
6196
2328
5068
3076
6037
5521
5079
6832
1011
4919
724
4488
3129
521
4307
1553
4514
4858
2322
5055
1021
2881
771
3440
6737
608
7768
6377
4921
238
8570
3866
6928
2419
56
416
2200
3360
3997
9864
3108
3513
4858
8315
1462
1984
6531
8922
2115
4783
9190
2439
1010
3714
5237
7741
9187
8014
6293
8446
1228
7186
3599
3799
7855
3769
2883
7025
6295
7992
9069
7831
6737
3002
6304
847
9896
9942
4254
3607
4536
7625
3290
9774
3300
3558
5188
5420
2980
6071
7395
5758
678
782
242
1762
372
828
753
2379
3958
6957
1260
1570
8590
8174
7576
8745
7506
1229
2697
7229
423
9036
738
8248
9176
1313
8404
303
3910
5100
4775
447
6969
6165
3974
5311
9605
5682
2228
3842
8264
7763
8653
1787
5471
1002
1848
2573
9977
7514
8792
8238
899
3419
6466
6648
1666
7398
3929
3436
1023
8531
4180
6451
7100
2653
3249
5026
8741
9503
5362
1881
8562
2254
7942
1768
9816
6018
8755
9982
2160
6801
6655
6672
1583
6794
3806
5923
5316
3883
5798
6870
3697
6560
9342
4398
2657
1401
3045
9871
2983
8438
1487
2324
4759
6129
8425
6828
6510
1176
4030
6049
1547
9126
4546
8214
5697
2301
2411
7356
8565
6083
9120
5937
3778
7974
2522
8198
7276
7228
8935
2779
3873
6139
3661
9369
1595
9906
2107
5739
6595
6162
2891
3402
832
8141
5268
5060
7756
1369
2812
5928
8071
6513
8699
4529
6197
8441
8091
6109
8818
75
3739
296
1334
3555
9970
7642
5540
3139
8064
793
396
8884
2800
1388
8544
4314
8058
2446
9428
7650
8374
7291
110
9371
9195
746
9229
4382
6261
7863
6759
8859
9284
2460
682
6049
1473
7595
7203
2794
6556
9963
6589
9409
8208
6796
1618
7537
4856
3736
4093
6491
2939
9929
2991
7363
5939
2849
9600
8712
7020
41
7006
4958
3463
1194
2769
6154
7710
4546
6383
9465
2946
1091
5274
1149
2784
7262
6839
3237
3474
2119
4379
4472
4113
5525
2062
7310
7289
1800
9921
283
2453
6551
1115
9737
8745
1766
3679
9057
7806
6577
5322
1397
8535
7495
4296
6781
9987
2709
1526
6140
7036
8157
4882
14
2236
2628
1150
9856
3167
1541
1108
5324
9267
5477
6451
5600
5035
4532
264
4538
7236
9612
4600
5410
2143
58
4969
2356
5709
7462
4976
9160
2073
6656
8805
8512
398
8521
4836
7949
3257
4907
8764
2446
8762
8454
5338
6359
4132
2440
2528
2714
1140
9592
894
5620
5902
7904
3762
1558
2914
7812
9020
1966
5598
5731
1418
2194
157
4521
9731
4025
3149
8094
4671
4246
7006
8991
9747
5730
9335
711
8203
692
5186
4521
2767
2719
855
4877
2568
6392
5511
261
5820
899
15
6138
9444
1801
4764
168
4959
1368
1197
7251
7648
5303
8932
5204
4035
7028
4759
4036
9581
205
3795
7267
224
1991
8656
2581
5741
4238
1647
6843
6532
7737
7823
5513
792
6633
9727
2857
6110
5118
9567
5372
3171
4758
7919
2440
8621
5331
6297
5954
7130
4520
5914
2825
3237
6352
235
8413
7623
6058
3406
1386
8169
6181
6052
9221
4808
5476
7371
833
2849
9214
3285
8622
2364
9062
1188
4784
3606
8385
5921
4935
2662
7145
6395
3504
2017
6365
5165
6503
8584
9090
9576
23
9423
4347
4944
2464
9225
8608
6019
7972
1087
5822
6307
9310
2447
9307
6213
6447
6033
8916
2098
8855
9285
8869
4923
460
1928
9876
8937
6361
8854
2442
5762
8854
3881
7807
2856
1840
7631
6209
3995
2870
3257
4208
1823
6399
8448
2250
2824
5818
2499
8382
7201
3476
4427
5775
2301
7744
4607
1191
3637
9014
4515
5
271
2475
7611
5941
2576
7080
3630
3258
136
2426
1270
346
6859
3749
6243
3334
8208
1029
4591
372
4675
403
9772
3708
645
6225
3722
3659
2883
2610
1285
9799
7348
2233
5898
592
4795
2364
8234
7199
9117
9732
6760
3262
1260
6708
4284
1523
306
8308
8730
6395
5081
7961
4268
7359
1063
4610
7884
4501
6520
7410
462
7109
7123
5349
4474
8854
6654
4176
5831
8437
5054
3754
4947
7521
7190
7249
3823
1542
9648
7258
8711
6709
2730
4249
7568
5804
2408
2233
8074
8439
6872
3752
8068
9458
4674
9298
718
4761
141
4953
7850
2783
9919
6014
2028
6103
3005
2174
6065
6163
8512
7980
2907
5319
8473
6903
6666
2664
2923
3399
583
3590
2038
9546
4394
3491
8500
5173
6651
9455
1100
2585
9589
6610
1301
8132
6294
6708
7780
6097
2276
2253
1350
4301
7562
2836
3081
5847
2031
8246
388
7155
6231
4390
5223
3434
6739
6523
126
6306
9188
3898
671
4646
3805
2192
5666
146
902
1164
1024
1261
6365
7816
4420
3314
8519
9858
7743
2749
5044
5243
1384
8607
4032
5835
1232
1950
7973
9054
8274
461
302
8431
6521
2115
5703
6704
6509
7658
7664
963
8453
8358
4064
7256
1984
1967
8102
9028
7839
8061
9515
2890
7290
3904
7731
168
5218
3289
8275
1953
3478
7289
6332
1922
8400
7956
3733
4100
3527
3552
3431
7789
2135
7840
2689
2226
8173
9016
5836
3149
188
3820
6409
8327
3998
8537
3031
8659
6852
6960
5537
3655
7262
6522
851
4231
2406
477
7213
9712
2918
8538
4672
1934
346
9647
1157
8938
2720
5920
797
1987
3580
7677
9811
6295
4584
1999
7678
3807
8617
9109
5170
2037
3388
5206
7494
5570
3359
8018
9873
6792
6125
6122
1118
6649
8017
8712
1518
931
9532
8507
6732
4168
9121
5395
3387
1694
6765
1302
4124
7711
340
7245
4108
9134
8406
2015
6474
3639
353
8423
1862
7777
3216
7492
9365
5796
1617
5357
1697
2897
7365
2991
9886
8722
352
5524
9991
8462
8720
8018
9526
6281
7866
1709
9618
4054
607
9546
931
3194
398
7009
2401
4543
7428
5293
9194
2017
8142
4996
5971
3736
1583
8286
4054
6179
3869
2532
5273
5917
2277
4310
191
1359
6191
6536
6904
6034
5452
7466
5204
8799
1739
9443
6293
5269
5404
2713
7137
4565
5836
1904
7718
5005
5182
2685
2809
9440
8075
1173
7271
7887
7424
3303
5132
7878
3094
1410
2466
3925
2239
9172
2129
6361
6892
4881
965
6775
7532
652
3581
6708
4558
4181
7088
4132
8199
2239
4618
8669
2447
9324
2708
5527
4054
8440
9601
3394
1701
9615
7876
292
5358
3644
2943
8798
2773
3071
6679
9689
2216
6553
3603
4674
9514
9831
5523
8560
4621
6201
414
5006
6557
7582
1027
8473
7738
5422
6657
3591
7310
595
5922
9234
1373
6341
1874
6832
5017
7249
6189
32
4837
8485
6742
7939
290
9690
4261
4533
4037
5119
4056
5735
1625
846
6090
1434
1921
3949
1680
4761
7622
2163
7040
8003
3390
5428
4157
7572
3982
9115
7581
7280
5110
8308
507
4699
426
6883
6984
2344
2546
8820
3613
6251
3591
8560
3835
61
8605
9464
196
6716
1696
961
9874
8572
4919
2317
8740
2686
7638
546
9386
3436
6431
3609
2822
2334
8648
293
3746
7980
4759
7741
7984
9968
4122
9640
8428
502
52
7284
4990
6324
674
7987
5900
2176
3707
2131
9004
5427
2501
6441
4279
9400
8213
6969
2666
5760
7918
1988
4453
6773
8843
6158
950
2313
7735
650
1664
7162
5321
4965
4916
3364
750
8844
9938
5572
8719
6731
1689
3477
6049
6195
6826
7880
2907
6695
8971
9012
9809
420
919
2504
2511
2282
7730
7129
9554
3131
43
5213
6881
4350
970
2418
6969
7984
2840
7563
1685
7657
5854
4296
1628
8070
1686
5362
4133
1240
2046
6480
3989
2041
8475
2024
4777
3910
7081
1765
6479
2413
385
6721
303
3620
2291
8832
2103
8755
6547
5482
9907
1504
1680
1826
4044
4886
4927
5207
9623
6976
5958
70
9246
7879
8853
1002
8780
2006
6975
7266
8050
5590
4181
9645
4023
4555
6740
3556
812
4602
9429
9107
924
8997
3890
150
3042
1797
5801
8877
2438
6819
7352
8860
2592
5827
3576
5057
4829
7693
2983
9138
8958
2729
5901
2322
9357
7910
6928
4752
4427
6071
3059
77
4789
6492
7849
408
181
6216
3512
8279
5237
7748
7672
9140
7886
2351
5914
4721
878
2032
2949
6746
2072
6426
8140
1782
8006
4954
5164
41
889
7216
9393
6841
6449
104
2856
5483
1832
1700
1615
8122
4584
1880
3705
9651
4429
9921
7806
4975
6869
3666
3551
5166
2292
2717
5318
4717
6980
6171
1275
5523
1786
504
196
4302
4788
1582
1892
4421
7326
1148
4708
5625
3843
9138
1664
9101
9665
3036
5352
4015
8389
9129
1254
6610
4566
1270
8815
3209
5614
4364
290
8258
898
7475
5934
9805
9890
9377
4785
1784
1484
5044
8282
4008
4219
3479
8512
5222
5373
8084
6700
8355
7715
1142
5168
7834
721
7754
9707
2320
8101
338
2869
3642
660
613
1508
8412
9792
2407
7010
7689
390
2528
1685
5100
8035
6251
6014
6114
4455
3565
3773
3649
5122
528
5233
8185
8954
7500
1998
5942
1903
2033
7479
703
2966
9203
635
8174
8161
9953
1915
1964
6143
212
5193
8425
2048
6625
4733
6644
6609
2508
4641
9949
1350
2329
5004
3509
9173
271
748
5454
1551
12
8972
9717
586
6399
2341
88
6873
9670
4929
613
9453
6660
3835
4001
6516
1054
7105
9154
4608
531
4315
1738
1027
1078
1670
9744
4646
1737
4345
3004
8313
8984
7961
5855
8340
3807
1656
2653
6812
2664
2952
2888
1074
5429
8029
4330
3493
9798
4112
2735
9464
6104
655
2540
2782
7579
2290
7104
3281
5358
2617
6773
5394
264
242
7859
8538
8341
7942
7458
7215
9388
3971
2553
6627
5658
5572
6440
8983
589
8316
9518
2540
222
1537
6872
442
3883
9285
1111
2377
9904
3553
8029
2508
8514
7962
3683
751
3767
5
2074
4181
9910
6454
8684
2148
2983
7604
6766
9852
9494
8617
5077
2914
2745
4293
5953
9851
2491
8498
8682
307
5508
3155
1926
8702
7527
2597
3877
3158
8169
8023
3977
3955
1337
2486
6197
5592
6240
6049
9744
7322
1493
5964
7590
860
6269
63
6172
7717
1038
846
8493
9779
1007
8500
9414
7369
7598
6968
5579
3508
5277
1314
20
1035
8682
2567
503
20
5305
6799
9235
6020
5680
9960
8422
6463
6782
3252
9548
7965
6745
6797
4500
5453
4276
280
8161
5875
8281
7
7898
7308
3368
7513
2334
3635
7468
6860
9064
3805
4854
6131
6362
1502
3689
3474
7817
3534
7265
6710
6005
934
7984
658
99
7604
2791
7603
3641
3599
7325
8677
1558
3748
6383
287
1548
6670
724
3642
9898
3204
76
287
186
8877
52
7453
9299
415
5241
4730
9404
1972
6679
4993
5438
5550
3788
