6100
7806
7286
4771
3529
894
2405
6941
7840
151
8008
185
1583
8872
2047
6291
7562
533
2483
9015
6897
4382
5424
9115
5958
7774
8333
4377
2585
778
4522
1515
2386
7001
8852
1775
5034
1683
6439
2186
3414
9442
8609
2953
1984
9317
8815
8866
2980
612
7398
9017
3061
4605
7440
8750
5210
4173
1410
1332
104
1786
2998
6125
2348
6525
2473
9216
8981
5709
7954
7133
6876
2182
3854
4327
578
4057
6917
4864
9796
8397
3002
4339
1501
899
6676
6746
648
9639
4036
9247
8897
1122
4914
7968
1031
4476
6632
5083
9695
8639
3579
441
9368
2855
3426
344
647
822
8452
6337
8159
2084
850
3912
3134
2803
6478
4897
7143
176
4007
607
1191
2838
5986
8567
7398
5692
7815
5540
9869
1967
53
2052
5742
2362
7938
3344
2100
2417
6706
5481
6312
7950
4707
1053
5421
466
3940
7176
2872
7773
3984
823
8720
2185
4363
6312
3150
1633
1559
798
6721
9631
819
2865
6785
9698
6561
7506
6013
6846
7859
4731
4387
6142
2881
2149
7724
6068
5609
1907
1650
3009
5459
8844
3470
2048
288
2246
8770
2253
7007
9246
6800
7252
2859
4740
7973
5539
8261
3506
7926
9969
345
3709
9173
3144
9423
9797
7424
653
961
8823
8086
609
3588
7665
5270
6208
7845
2549
4295
6278
8513
4231
4078
7297
2064
7489
95
6978
3728
470
4291
1437
7210
3762
8033
4368
9922
2336
1869
8753
7904
8486
9194
9759
8102
2107
4509
5290
3438
729
1903
2511
882
6270
8575
5916
743
6060
5458
4290
3622
5967
503
5863
3400
3006
3932
2475
3326
4187
6358
995
4026
6598
2353
7249
9678
270
9925
501
1759
7318
8641
4140
9781
8854
9222
4071
2722
1064
1378
6967
220
9667
3976
1987
3225
4502
5833
8524
2822
826
9985
3688
8244
6889
7136
9146
3328
2125
9651
8963
4029
6448
7438
9618
239
2515
4425
8327
5047
9627
2900
4485
4422
7046
3128
2357
4640
5740
1148
2503
3823
9968
8321
2740
4545
8212
9850
4351
4415
2732
9211
7914
8186
2892
4493
2756
2340
6827
4155
5120
3752
5800
5628
5521
4408
139
9789
5601
9233
3157
5450
1281
1821
8209
7609
8202
1412
2796
1812
4803
1824
8944
7233
8620
5004
1260
3183
7638
1223
4432
2575
9269
8939
2243
6717
1774
9653
5783
8329
2042
4320
3365
5046
4989
51
482
4863
9504
2659
5043
7761
3098
8214
8029
3657
8205
3574
2021
1642
6397
637
1254
3018
9499
8387
7009
2459
6720
5650
4542
2801
4485
9922
352
8709
8943
5270
2007
1349
360
161
5279
2469
5816
8374
9782
1062
3091
8812
3451
9569
5451
6330
4018
2545
2790
9652
6052
6730
8027
1282
9699
9866
7878
3386
4810
4970
3179
6041
2243
5632
8023
8947
2963
3845
1554
6420
3264
3902
9392
6706
7570
8697
23
8402
423
4390
330
2467
3553
4143
5716
5962
8010
7014
7793
523
4024
3977
8470
9137
1339
8932
4097
5131
4034
6116
2779
6628
4318
8275
7641
1580
5663
6149
4402
9848
9338
942
5947
5154
3500
542
2350
7662
2280
2938
9545
5467
6588
7751
9827
9394
1282
4757
1449
4319
4082
1271
5223
6761
4069
5835
6354
5567
4132
6858
7793
2304
4590
9885
8716
7575
1785
6313
7901
3410
8400
9545
7076
5149
4987
4871
8374
7552
5085
855
9045
8386
1990
7872
2858
311
904
5528
8031
1037
8182
763
4969
6096
9592
5591
1827
917
2268
3399
7590
8793
7863
713
3412
7910
9353
6398
8004
9918
9599
8958
9223
839
9409
9894
5817
4196
1675
6767
4947
5244
2186
4476
6142
3834
7452
9088
7506
8608
8761
6057
3580
7352
2033
4445
9005
7800
3547
2575
2159
481
4733
494
4788
5156
8009
5755
6727
8882
5444
1380
83
6159
2338
5026
5298
8450
5565
7739
7949
9356
4757
1685
9523
5202
4593
8
5301
1000
7139
7935
4590
4716
5226
219
8543
749
4305
3731
5400
2086
5493
8747
8787
9450
1539
8064
4107
5597
2048
9982
1626
2381
1650
5390
9903
9196
3051
9296
8062
3467
5943
961
6450
5156
8011
3928
6158
5556
9565
6498
7345
5971
5778
6072
5575
5026
9266
9915
636
4943
1112
5180
987
6536
1189
7321
2357
442
3829
3287
7694
3524
2089
6617
2913
9469
371
4907
9715
863
129
7709
1573
5086
4704
8319
8835
3769
961
6918
937
3260
409
3944
7317
7967
4531
1993
9128
3935
7344
6259
2023
7319
4543
731
8958
7467
8967
934
1075
848
1728
5816
6824
1451
9682
4916
9034
1829
534
6725
5447
1815
1785
1815
7932
8024
8222
2131
8924
2736
1282
630
4317
2056
1867
3597
8061
8993
9786
30
5794
4365
2464
9798
6142
381
6317
9899
4705
9944
1555
9597
4601
965
4937
9758
4164
1590
6924
1802
9670
3665
1023
9557
6470
5740
6243
9072
9378
6963
8017
8520
2259
6985
8020
7803
4332
8057
7429
3415
3692
1016
6030
6241
1971
2698
3551
8015
2640
3773
2927
1363
8009
6597
9194
2740
3764
3749
2569
9258
4050
2231
6144
4182
8812
3384
4592
4860
3893
4291
8589
3710
7839
1896
106
7542
4857
4969
5279
6783
3574
3377
2413
6160
8889
1
7928
6583
4812
9225
7059
1966
9184
5487
1962
3613
6895
3647
3112
8908
3837
5279
7961
722
8221
9773
58
6111
512
1287
7837
5650
9768
7559
2280
9880
826
761
4700
6498
370
1098
5252
6465
7313
1808
1988
8321
2193
8960
7536
7791
2265
5200
3598
6392
7467
7241
628
8912
2651
1016
6123
1740
747
6785
2646
7052
5969
3072
3579
3560
7322
654
6943
2022
9751
9533
6801
1254
3685
4065
908
4570
7484
9562
5984
3876
4509
7633
6459
3598
9822
9647
3824
2977
1250
5573
4505
210
8417
5275
9241
8847
4247
9257
5130
8370
2040
9083
6117
2191
7857
4500
1713
2848
6410
2931
6146
763
71
5130
7650
380
5950
1553
1310
2756
5795
7174
2247
7966
3822
9406
8153
3882
7566
3661
8088
6264
4919
9758
3221
866
5415
7775
833
7718
6103
8268
7257
3903
8109
3495
3823
9375
1917
5409
9913
1499
2064
392
4850
563
5357
9500
1583
2412
6691
5327
2765
4428
7385
1881
8181
1521
7756
2165
4209
3071
7992
4444
856
9188
3522
8652
533
7258
962
6692
3446
680
1310
3055
176
6357
5553
8154
8608
5594
8682
9076
1436
5779
9057
577
3944
6274
7700
7675
565
4527
8880
757
3860
7408
7707
7997
8792
1153
5230
958
4201
9969
3120
5855
6052
8345
6270
9132
815
265
1094
5743
3195
5440
1795
9482
531
7079
4563
4499
6849
6027
1123
4092
2896
4230
2956
9086
3164
3593
1559
8787
7141
3192
7068
1901
8226
2690
5480
1749
9841
8859
4333
1475
5053
8039
3331
8791
6441
1094
7964
7299
4969
4743
277
3221
369
8970
6585
4116
5796
5653
6656
6102
5870
7538
6964
2043
5933
2708
7716
2378
9306
6069
5713
2790
710
7741
9333
1357
1935
993
6916
7101
1650
8709
3931
7491
554
6543
4853
130
9974
3994
5965
620
5849
6051
237
1455
5147
9316
8373
9359
1341
7963
1399
7452
2458
2022
8302
8656
345
8685
5071
1591
7006
4667
7880
779
9184
5499
6614
8667
3125
5003
2882
6376
5738
8767
7083
1036
1455
5301
5583
3399
3055
4321
3570
6519
6285
7365
434
2099
8553
7630
7345
1268
7058
9565
2673
6305
6838
1936
6622
2085
293
3789
5300
4511
580
2682
5682
6422
8733
9452
9462
3959
4755
4251
1816
3981
9171
7758
7427
5035
7398
7608
125
5880
7667
254
6552
360
6641
4099
3297
3779
2602
1347
5206
6597
5820
6712
4485
9121
969
6524
3391
9362
9182
9612
4347
6736
2288
8757
855
8331
2994
9038
1097
3896
643
9810
531
2181
7525
2856
4261
1562
7944
9969
7501
9629
5861
893
5161
658
9063
8826
93
2078
7779
9018
7088
1222
1928
1519
5121
6649
689
6102
8871
8598
8584
8270
2693
3803
6517
7315
3485
1164
2067
4252
1739
44
756
2461
2482
8027
9963
809
4212
5709
3511
455
699
386
799
7120
9797
3703
6296
3059
7772
1000
5396
8229
1795
5120
8229
8216
9180
2079
3775
3991
2278
6566
8380
635
3108
6626
3353
8237
1449
4579
8957
4617
1007
6360
697
8955
3032
7401
3723
4776
2427
6545
2029
3916
9280
1621
6202
2811
343
8117
6881
9846
1345
9375
6498
5581
6850
3546
7029
3755
8911
7733
4474
7666
6434
8076
7434
6244
6092
8436
5165
3291
5626
7685
3301
5125
3296
4641
2392
2112
513
8292
5323
6430
5921
7290
3017
5253
1298
2119
899
6214
4602
935
2577
3767
7878
8227
663
5743
5336
8748
3234
8446
6107
5784
2642
167
9239
3334
1090
3147
192
2671
9634
4514
5785
4795
6262
6296
7974
349
487
5587
5423
4029
7927
9068
2896
3280
5138
5377
9901
8037
6592
8214
9491
1598
9814
9892
9594
6457
2060
5471
8230
3834
1978
663
3485
4376
6012
1067
6451
1537
7173
7860
5248
3594
703
1542
4228
8374
6880
2558
9537
2850
8328
4167
7382
2379
3719
864
7724
2237
5276
4578
8360
3306
7127
7744
65
8691
3744
5056
4588
8789
6177
7408
7875
8131
6526
6998
725
3387
2533
7945
9911
72
9744
2854
4199
2020
1960
431
1649
2632
6755
2134
7274
3713
1070
8402
3658
4544
934
7740
5783
4431
4111
2041
8284
2315
8008
1907
744
8466
3622
246
8179
7578
3228
436
1116
2412
1708
9174
7309
1083
7768
8656
9728
6741
1905
6704
3707
4677
2785
179
454
8834
3203
2835
4045
8247
6368
9424
9009
4384
5893
7530
2265
1054
527
4312
4327
8791
9225
5257
8293
7373
5132
4901
3437
2217
3909
734
1832
1476
6501
5096
78
1314
9682
290
3420
9419
1162
6129
5812
3175
6263
1208
6878
4325
9182
9749
1117
6297
7970
4266
332
560
1366
1911
8166
6769
1055
7265
7381
9457
9575
1953
8163
7747
8014
6075
2652
8026
891
9145
7925
76
2961
2068
8645
8694
8940
6207
9441
8630
9835
3792
6854
9017
263
8971
143
9841
4641
6300
439
1298
2491
2609
1064
6729
1884
7586
9826
5945
903
1134
9143
4804
5157
3571
8803
243
5390
1385
3545
7922
503
1596
9432
8555
7990
9269
7020
8461
8625
1348
3297
1945
8740
4811
4803
4088
7505
4442
5345
1756
2993
1330
9711
5890
9449
4360
7018
7905
1816
6841
5671
3186
7932
4884
4565
6699
2181
7113
8977
8426
817
7804
6551
3450
8438
7093
5366
8773
15
7671
4381
1431
6894
2442
4561
5306
3935
3576
2640
3283
5437
7681
4880
4440
4829
5052
7249
5053
2088
2858
6849
3290
7191
5176
958
3290
1015
4193
4070
8035
6683
1901
4058
6013
7105
2779
433
8032
7389
790
9785
2990
8353
4647
5480
826
6270
5286
6416
2404
7684
5742
2753
9907
9477
9309
3097
6237
3256
7668
8294
8454
2378
1057
9084
6482
7966
6119
7218
2729
9669
3335
7143
8150
7337
6749
3506
8987
7539
6361
8791
8629
1437
5368
9493
9752
4801
1150
5724
535
5616
546
924
4498
3598
7063
6584
332
9483
5747
1834
3703
1693
7310
4464
6414
1976
9000
1060
4623
3456
8102
2985
276
2006
6507
1521
7869
4141
928
3819
9515
7520
6224
5034
4683
9373
1234
5729
8845
569
9059
3611
464
2183
8687
3623
7628
7204
8812
4912
6891
4409
7171
3770
6820
4131
2556
3048
9366
7423
6166
8155
3870
6223
2480
6469
3509
6121
1254
2108
3385
2111
2683
1274
8438
5737
6335
16
2817
398
8429
1339
6913
8338
8628
111
8730
6793
544
8399
3527
2714
644
783
1124
1262
2310
2609
6405
5736
24
5947
2390
3663
1822
618
111
3206
5137
432
8596
2060
5215
5096
1975
3071
1228
5387
794
8508
7497
2346
5477
5009
719
1691
352
8692
824
8082
2334
460
1035
9540
70
3869
5522
9057
847
5153
8201
3946
5015
8354
549
6381
3696
7316
31
1250
8887
3599
9180
8221
1811
8058
3530
3860
5047
6323
4489
187
3875
8155
7379
5003
1357
9806
6153
4641
1608
5744
6588
3762
590
1683
4821
1244
6480
245
4626
6376
7542
6551
3965
9404
8372
9416
8106
2061
5692
6159
3612
577
2266
4360
9045
3938
321
1797
7657
6543
5423
3478
2590
2205
4431
436
2914
4330
891
7846
6424
1682
8379
6391
8128
9786
3758
7727
7282
9242
8724
4077
7175
9224
4503
2982
7620
8255
3876
8231
7876
7055
7913
1415
8641
4765
3644
8648
3903
603
3653
700
8869
2195
25
99
7097
188
5909
1347
3590
303
8851
2225
7372
996
3516
139
7397
9365
9914
1256
9648
8004
873
1415
4507
2712
681
5652
305
3043
3394
5689
8606
2687
789
6865
3659
918
3483
1895
7723
1569
8573
8670
7329
1000
5006
5674
9291
1240
1673
9643
703
7747
6962
3402
9968
8530
8668
6587
7069
2037
6791
8194
8486
778
5651
6083
6716
4188
2213
97
8132
5891
245
1528
1224
6057
7346
8775
3051
9021
6515
2660
3014
8801
3930
7827
2131
2493
8423
194
6469
4390
8567
3883
1666
4873
4934
8781
6863
7009
5096
4788
2518
1561
2640
3044
9478
6828
4491
6677
8631
5255
1772
9224
2841
2527
885
7496
7432
7615
7118
7468
7214
3082
4597
5321
5781
5791
7427
2788
4407
1243
4727
8676
8436
632
3569
6518
6351
8770
8317
9354
4918
746
5945
5355
1292
7172
7621
12
6372
5723
4167
9358
2284
2181
6167
9118
6196
4177
6942
1451
8809
604
5142
9973
4035
9970
5245
4817
3415
6466
316
2697
4905
6555
734
560
8978
242
6128
8643
3882
8262
6852
2619
6387
618
9217
8032
5810
7137
9674
5975
5018
1049
1081
9019
2502
3614
8536
794
4626
5006
4604
390
1879
2621
3711
6988
3073
3295
2312
6513
7839
7282
8601
248
7559
175
4613
2529
2179
1477
9596
5899
2172
7301
4996
2666
5697
6093
6997
9540
4564
6508
2050
9813
8401
2820
5471
5874
5884
7421
5443
7450
4150
9397
8075
7241
7563
2454
5304
134
5660
6160
3703
7788
1908
8166
2427
8934
1497
581
9113
1348
848
990
1120
1098
9005
8532
7555
151
2054
8433
8628
7331
4579
2627
8878
5521
5493
7236
9087
3300
3920
5959
8944
2878
7270
1630
4179
2259
321
4489
4776
3933
4444
9672
7276
1161
3934
3234
2014
6366
2693
46
2543
4910
4667
7966
214
6900
1927
9820
829
4109
3011
685
5355
4820
2982
3346
2271
7254
8077
9757
8086
7252
8602
5344
5305
8182
8345
65
6342
9932
4603
2169
7496
2208
3569
7628
4518
6151
887
8932
2326
3991
8458
5606
8172
5443
3623
5718
1875
9281
2882
8021
870
972
7456
6904
203
5525
8913
1365
8156
6980
93
7191
8612
733
346
4224
1443
1166
6935
3486
1486
132
73
6502
6150
606
463
4957
2435
5433
1843
342
4284
3850
672
4757
1126
8938
5083
1186
791
5083
8111
553
5830
6313
1225
1215
6112
4172
9132
6399
1849
7850
8674
4146
6974
3257
657
3340
7475
9618
8789
2755
2078
5761
7631
3899
7406
1305
9482
7069
7689
8565
5141
5558
2433
2600
6962
9835
83
38
3659
5371
4268
604
7484
8829
5351
8217
640
7543
2775
1696
2187
1920
5454
5974
4961
4206
1288
1622
1090
9257
8647
4692
9315
689
5691
7647
8474
8922
8462
9151
8950
3413
4329
5021
3528
5259
6310
7938
5538
9474
4868
1544
5770
2818
7024
3389
890
3137
966
4229
7704
9306
2980
9871
6861
6701
7783
4560
8917
5936
6901
6700
9378
9186
4646
1811
1020
2912
3887
7287
7225
481
860
1756
4757
3020
9066
4777
1198
5385
8462
8619
9263
3301
1829
7528
3655
3407
8970
2656
389
3583
5693
1808
7795
7895
2886
9793
8395
7697
9606
6477
3002
7111
1157
4465
320
3474
7086
4862
4561
6010
3331
4090
4124
4461
2926
5187
7349
2571
6326
8916
7088
1165
1034
6720
5804
6581
8317
8523
970
2721
6350
3015
2921
3898
9858
9372
9648
1401
8768
65
5975
6872
5673
4039
5250
6838
723
3238
5418
9684
1200
9118
378
5293
7983
8671
5475
5395
2335
7812
9020
3076
2028
2874
7722
4988
4535
7775
5064
7811
3638
310
3219
2903
5925
6038
1237
980
2759
3698
1084
9968
3181
3748
5718
2499
4114
1682
795
548
8320
1122
9718
6079
387
5018
3665
913
8153
6064
637
790
9858
848
2219
8026
3945
2364
3610
6220
4911
7165
9741
545
4416
4520
3400
5812
2148
1164
6791
2427
3717
3272
1787
2821
808
1625
9602
4335
6714
5073
2434
7990
2696
4980
7329
1734
8539
91
6116
4929
1118
1515
9618
5084
3405
7568
6549
7811
7068
5618
4748
9741
6849
9194
7535
6122
8767
2622
6609
4440
3648
9032
6139
293
4718
7605
6875
8271
6269
1513
4072
9751
9289
2431
7408
9893
6312
3470
1984
7524
1132
4792
7919
830
6904
1596
439
9666
2699
1179
4321
3969
1677
7543
4797
7401
3045
7911
907
809
2469
3304
3817
6451
3444
8398
3657
7199
4918
6776
1181
7580
7017
7761
7794
9121
3246
6018
6455
962
5057
132
2536
3134
7911
1748
8379
1061
4708
1008
7734
9175
7078
1421
9515
1496
274
1163
6786
8943
457
6016
8561
6958
9942
7345
8170
7516
7767
4800
3585
7245
6117
7358
3160
5219
2641
5409
2666
6446
2701
1521
1040
9054
1733
1101
9123
8090
9112
1611
2271
5865
4919
4028
6223
4814
5896
5389
3419
3393
3991
6682
1531
615
1162
3949
1079
9075
8656
6404
7117
9414
7429
6961
1997
8259
5332
7178
4996
461
7386
3809
3155
6289
930
6063
3308
1920
739
5321
9961
8773
8146
6948
537
4357
5829
5940
2663
9652
8982
5024
3000
2867
8864
3042
8321
8119
8969
4922
6371
2134
5707
9874
8564
6427
7344
8332
3691
9401
7290
6520
1128
2171
7117
3458
2077
7546
1178
9656
2253
3656
296
3624
9696
745
5841
1608
9392
2897
8518
2128
9315
9752
3040
4897
7061
2394
2468
3273
65
7788
7762
4894
2396
9129
2011
5800
7934
2730
572
2492
8989
4067
2315
4850
184
9354
1613
4984
7246
1603
6593
4431
7480
759
9741
2691
6249
6323
6643
3481
9873
9853
7823
7281
1896
9841
2128
3034
1917
5417
8992
6372
9851
2619
9074
2145
7541
812
4647
1029
2686
5954
269
9181
2215
3112
549
2412
8166
538
5167
9663
3295
1872
596
9218
354
3832
9136
7388
8224
5820
7802
1238
6699
994
2545
5193
4266
2994
276
8404
7526
1682
1822
4285
9956
1550
1933
2479
3486
547
5166
9969
7552
5018
406
1959
6300
7954
9887
7362
2443
8758
4781
9315
2097
6477
28
7646
7083
2417
3944
2537
744
6919
3481
2098
9665
8605
4793
784
838
3138
4562
6978
423
8830
105
276
2604
6834
5793
1377
3649
6635
3950
370
5745
6320
6583
6131
3757
107
8007
9783
4553
2053
4240
4514
8628
2169
5164
308
8451
1658
4177
6070
1161
8464
4624
3020
8148
5022
4363
827
5638
5295
1729
9620
1326
6431
3943
1550
7139
3926
4724
8898
8974
4895
9753
2272
3697
2391
5691
4799
1719
3568
9102
7809
1432
8613
7040
836
2713
4152
2016
7333
8303
9175
1945
4624
4910
2558
7167
9890
7586
1173
7268
6927
8889
9082
9815
8176
891
5946
6985
7028
4183
6120
9550
8055
11
2016
2749
1216
2543
4517
5284
7507
8959
5686
2587
1432
8355
6608
1554
3443
7197
477
9754
3346
7039
6026
9741
4533
454
8822
6108
1703
2535
1606
8403
9388
324
4645
746
5299
5338
2729
587
3802
7594
9025
9642
5936
6035
8298
1638
7893
5129
7489
4347
8622
308
4690
4882
853
9319
2831
342
2718
5034
2493
1763
7556
7031
9256
188
9185
6878
7
2521
172
2885
6730
8092
7197
3040
5456
558
1692
1081
6213
1851
3736
2892
5608
8071
5763
8209
5098
1739
3290
1254
722
5248
995
3832
4542
3239
2527
5311
7509
6002
47
5780
6615
8227
8786
8335
9653
6111
7660
4449
6973
2205
9651
6410
270
5633
131
3320
7754
7904
2337
6046
9593
6128
6317
3820
890
3198
7040
6129
2277
5163
7477
9385
1035
4531
2932
3172
5215
7051
4985
3414
5422
6583
324
2308
7337
9157
6169
881
6836
3545
7127
5909
758
6614
518
7415
3633
2438
2297
2103
7531
8934
4116
6299
5995
8001
7271
4451
5184
4312
1687
3339
3595
1274
4030
8493
9629
278
5977
2640
6106
3674
6063
5809
5565
8390
7266
6620
6421
3042
8734
8375
9933
8665
3022
475
2186
9393
750
1456
7021
9768
1131
3348
6600
9533
806
152
9005
3943
5127
6935
3602
8518
4926
9332
3393
2900
37
2143
6684
1720
2530
5331
3886
8903
1945
1135
7212
9431
9437
7535
7274
3569
7111
9382
1353
5074
6447
8330
1903
4814
9335
3533
1215
82
1352
1187
6103
8405
2851
2373
9449
2826
7578
3808
3761
6564
727
6618
3397
8054
537
4339
7610
2534
9472
1908
3
4605
9918
9976
9109
2959
5229
8371
6310
5825
6543
7506
2179
4427
7857
8865
8656
6732
2153
9155
8571
2324
894
2977
7722
755
9014
5474
770
7243
4522
7283
7289
132
9078
2228
6323
3500
3389
1391
8009
3176
7802
2133
3465
9452
6993
983
7654
5235
5379
5598
95
4044
2064
7111
4510
6657
4311
5407
4359
7493
5161
9302
4352
281
2652
755
6127
4875
2651
1444
9166
2923
4763
720
9708
1547
4968
4220
8254
2307
1102
9606
627
6062
5139
49
2133
9093
6033
4269
8890
1718
9458
754
9178
9649
5796
3273
6140
910
1276
6039
6777
8846
6454
2695
7458
9276
778
3203
732
6608
6139
6255
9705
4176
8666
3954
3411
627
7831
7793
2994
1268
7047
9626
8093
3391
2977
4538
6013
3275
3026
9243
652
1764
1936
9150
1357
7555
5260
2033
501
5565
3120
2701
3174
5541
4680
9150
8141
703
9438
5968
2737
530
1277
7202
2124
6312
3511
3562
2375
581
9170
6997
1485
3474
125
4009
8977
149
8000
8361
4908
9327
2417
2083
6638
609
8675
6762
3910
7612
5017
7644
7165
9076
121
5407
636
8143
8875
2428
8830
4208
6336
6120
9999
4971
4832
8539
4276
6980
2044
1151
8469
4649
4882
7111
4069
5528
7150
2313
3506
3086
3309
1162
5384
5070
5533
9556
8080
9546
4561
982
9573
9840
289
6136
775
1044
9117
5370
9176
3622
1730
6776
8228
5824
6389
2316
4334
4687
8477
5760
8982
1339
7741
110
9734
4468
4287
5894
7196
3483
7356
8523
2529
2074
8263
8442
4584
6449
8506
9496
1074
4782
4551
551
6734
8248
6961
5989
2063
72
4052
1666
2053
7893
6574
5915
7805
538
9137
1832
5204
966
3521
9614
6919
5680
2631
6529
7158
5621
8792
2570
2118
7008
6272
3905
5014
8212
6152
1736
890
6313
3575
3923
6819
5569
3828
8279
7823
1749
2281
9902
3740
1233
3203
4068
7768
9944
6902
5314
4581
8565
9325
3109
2520
8352
3584
2521
3168
8858
2078
4167
9283
2405
7097
1560
580
2146
6594
677
3841
2936
7385
1021
7321
8990
6822
2930
2971
6005
2918
6928
9833
277
9805
7275
7532
770
8266
9044
9329
587
1304
3399
8752
2896
7552
5444
493
5181
5964
1000
4167
4711
263
3096
6366
4337
8512
6874
9043
6331
8637
2095
7591
4584
8907
8417
4805
8539
9828
533
6923
9534
6010
8156
979
1166
4511
7020
3985
3910
7047
2678
7013
3318
2709
3540
9696
2463
6930
7777
5907
5438
2509
3380
6658
1395
3852
5291
3528
478
6816
2240
2196
357
2023
4970
6402
2979
5722
3347
6644
8304
6119
9985
4798
3577
1209
5364
6178
5068
5971
9995
5792
6387
6684
1187
2415
2138
4371
4444
7721
8878
4036
2490
9216
5332
5891
7877
8062
1316
6357
9581
3995
3456
6047
2079
9192
3780
9878
5292
3016
9804
4597
9404
8318
2988
6812
9998
7840
5776
7621
6826
235
6961
67
4822
5953
6017
6467
5025
1630
2419
5908
2479
7913
2874
739
9458
9525
1100
2735
6401
6022
3202
3868
7560
8064
5087
8787
8187
1851
6666
5862
4904
7396
4794
8112
7592
557
1070
2011
9426
4085
3942
5500
9325
2466
8049
6793
4431
58
9892
218
886
7344
7155
4861
8210
9148
5087
6675
1582
9732
5820
8473
2121
3398
2798
6209
837
6936
9488
8030
1211
2342
8896
2975
1657
7098
9642
6994
4138
8730
4031
5962
4784
5307
9698
251
7040
1332
2960
7586
7210
4653
7529
514
8403
5350
8303
8873
6001
4180
5402
4289
1330
9606
8053
6514
8889
8294
4937
4676
5815
4890
4035
8643
9986
7930
293
6667
5652
3149
9670
8675
7027
3052
3046
2918
4344
7128
3347
8236
5758
8007
9233
9031
9321
5305
1801
5081
3073
4121
7857
8035
2601
8383
1860
5160
9968
5858
349
8001
548
5738
149
5545
8990
7444
4215
5448
9565
9407
3628
1902
3874
7796
6761
3189
4550
994
449
6584
980
9831
7959
6242
9014
6795
4132
8751
9295
37
7313
560
8226
6401
2802
1034
7422
5802
7807
2365
1639
2977
9648
5010
3393
2127
5365
3566
5035
7831
6687
3684
1670
2004
3743
2822
4257
7714
2936
8443
9538
5849
3987
2572
691
6388
4911
1737
7895
3904
4275
4377
2824
5520
898
9838
1214
7085
6554
9783
6093
2970
4745
3663
7852
9029
7772
3522
4125
9018
2453
1680
1678
8466
7768
2010
9787
3944
4578
7626
9518
6012
39
5183
1845
9921
9399
5957
3709
1297
1883
9251
8464
8352
5218
3374
2729
8365
6115
6859
9120
6997
9502
1938
3030
1954
659
4302
174
7121
2206
1297
8214
2161
7710
9716
1713
6855
4529
7115
6019
3743
7870
6727
5304
6525
3070
8118
3345
2033
8519
5637
1020
760
3463
7621
4431
2319
9065
4587
1952
1715
2167
7473
6468
2836
9037
7915
4482
6200
9909
1252
6035
7355
1717
135
5017
8980
2257
4649
6713
4163
1278
5603
262
7047
2932
2301
7356
9692
6254
4454
6645
6273
370
6736
5819
5800
9431
5609
6379
5558
632
8308
2066
2682
8612
5557
2951
2346
4207
956
548
6089
5289
7785
2723
2262
7161
3662
2113
5405
9190
3218
4465
464
2001
5985
4064
2065
5090
2817
1888
3830
2669
4687
3299
3695
1729
264
3526
7091
2237
9220
8679
8774
6815
6204
4469
3288
7882
6364
5155
103
1556
2868
472
5924
7882
168
9798
3075
5472
7271
8212
5548
9800
6457
3130
7310
4733
5842
9337
3267
5230
1891
2005
4671
8018
4672
6049
7026
508
6315
4757
9309
1276
6479
9309
7761
9231
8169
4241
3507
3781
9953
317
7675
1773
4743
7052
5996
3231
3831
6230
9582
5365
6367
7651
4215
7367
4504
2858
8968
178
7231
6635
2867
1396
3128
6950
1243
2806
904
534
8804
8214
2193
4717
2457
5520
4187
7996
4908
3433
1597
2511
6807
9704
9258
9204
9858
9954
8488
4102
2254
4480
237
2522
5486
2750
5330
197
9141
1746
4393
3960
6570
5799
203
4665
3672
4902
218
5295
354
7872
5157
6026
8164
1226
7370
5148
6628
4838
357
7016
1991
1962
7639
6918
6560
9183
274
367
8852
6791
1392
9515
5401
5244
1300
8677
9069
9729
9256
152
7378
1864
4965
9961
3095
3856
6385
2848
8338
7847
8755
7795
4777
7316
4338
321
1104
778
9931
6617
9228
6858
834
1476
5814
1304
9183
6805
8779
7095
6777
7564
5841
2676
8769
33
4500
3164
37
8147
3151
459
2933
1437
2534
6818
3282
6177
3599
7876
1314
741
8945
2685
6641
5591
4836
1936
1985
2957
9912
5627
1154
1917
1154
9321
8108
5942
4641
2004
5097
394
8319
9540
9424
2872
6019
569
6924
3354
6611
4993
2907
6088
3766
3494
8002
4342
7415
6967
1134
8609
9142
6385
2517
3634
6217
8698
5803
5964
976
58
2256
376
6166
5063
7735
4186
883
9451
4354
3279
5966
2692
297
1590
6288
7656
5497
6600
2308
2130
4745
1621
7578
4237
4823
6780
715
6012
7761
4999
9734
84
5664
977
1945
2327
3247
549
9756
654
3625
2612
6103
6658
2576
2738
3507
6247
9370
3854
190
277
4662
2924
7400
1156
7277
3137
8907
4243
8611
219
4007
773
108
4394
2939
2969
1963
1166
528
8981
7046
1390
1983
2959
6053
1202
2403
8983
2026
6510
25
2419
3434
9132
3604
9992
2729
4533
2077
7075
8948
171
4039
2786
4968
7478
384
8721
6112
9065
1604
3892
3419
9536
6716
9566
2508
8681
9827
204
8075
2988
3881
8529
3049
4776
6321
6655
6384
683
7589
8047
6281
9725
5689
2221
6888
1882
3453
2195
3361
4954
3228
5040
558
6143
209
2180
6392
346
2041
5355
370
9818
1891
7475
7382
1539
5796
6284
407
7191
8136
5868
8661
2931
1219
5371
2735
5033
6181
290
531
741
2251
8123
4737
6990
7170
6436
2110
6171
7735
9526
6420
3615
4714
5773
3574
9698
1457
8771
848
1758
6649
7021
5533
4563
3527
2929
3987
6727
4572
1106
9162
4542
6630
9243
7722
6721
7092
2532
3073
3598
4354
4483
7011
6860
8978
3458
764
4793
6348
6520
9409
8659
5868
3463
6805
7679
1897
4402
4231
5865
2054
4297
6392
6168
1474
2274
1547
1149
2634
5286
9766
1752
6958
3285
8996
8151
5504
9030
5996
9341
1192
2367
8461
4266
8293
2206
6304
8924
6607
2930
3503
6194
4296
4105
2292
8697
8464
278
8298
437
936
9454
7824
1581
4030
1632
4748
2740
631
5039
5596
6816
7339
7037
7383
8008
665
1877
2642
5390
4219
9493
7503
9623
1429
311
7088
1331
487
8858
8457
7950
7794
4001
660
6594
5831
3976
3069
1174
6683
7199
4653
1750
5815
2293
9333
9904
8827
8337
4464
1913
2562
6447
8235
1243
7745
9158
9313
7532
3274
34
6014
1867
2189
7155
1029
6825
9693
946
3133
4465
6352
8874
1990
6693
7024
794
1081
839
2656
8214
270
5345
3688
9637
5063
34
9873
6779
5738
2678
6844
6307
3212
4096
9900
5832
920
1510
7860
1536
9870
8425
7291
2614
521
7856
7500
3538
3417
5632
4890
9735
3695
4794
6513
1722
6119
465
1352
1658
3039
4982
6546
6863
982
5730
4771
6787
6736
1471
9568
7560
4278
5348
9551
7045
1210
9515
8110
8464
968
6272
159
537
9592
3304
1089
6657
6607
8827
282
4998
1381
6064
1312
2348
8210
7092
7303
4841
2674
7367
132
973
7752
7555
5120
5419
3374
1689
8505
4073
2458
5114
9666
3584
2860
95
9851
1872
163
2229
1611
1076
9600
6664
4217
1645
3027
555
9947
9181
465
8609
4405
7107
5111
2076
1251
9518
6808
1040
3970
5839
514
130
536
3840
7263
3298
8612
7002
3464
5154
7904
1976
5139
4594
3779
9110
1997
8074
7027
5925
1778
6387
1703
3614
7065
9762
8587
7904
4733
3282
5676
4120
5558
3773
1892
5756
4167
5143
6416
5732
240
6791
4748
6645
7347
6066
1328
171
3219
7845
5827
387
3337
863
6862
4242
7713
6474
1196
1301
5857
5172
3341
4854
5465
6462
2762
5976
5845
9392
4194
7968
2192
4982
3699
3520
1875
204
8181
6432
843
5553
8784
331
5641
8971
189
7508
5138
599
5994
6099
7255
714
471
9871
5791
9354
4830
505
8720
6642
4992
4995
3900
2022
2697
300
328
3283
645
1034
9976
9458
7661
4338
4406
3545
4362
8438
3394
3453
4202
2140
4611
3289
8367
2822
9420
5252
7269
9923
217
5649
1228
1314
8153
1400
1187
6223
8181
5213
8470
7035
4766
890
4366
9260
7365
5886
2919
4142
3924
8849
9231
9588
4090
3891
8937
4592
1236
8800
5217
826
1095
6033
7179
3232
5401
9235
8244
9723
1727
9388
1258
9833
4177
4943
4567
9276
6618
1422
297
8927
7564
6359
6733
5488
8864
4348
1929
9871
5867
5763
3177
6129
4908
662
5664
6721
9041
4888
8929
6836
9514
8438
9958
7063
9989
7509
2541
7560
9864
4205
755
1485
5854
7393
9320
4932
6456
2058
6258
6856
3285
3344
3118
1725
8476
1300
8193
8505
6582
3437
124
9455
104
637
4558
8889
734
6159
4355
1425
20
7343
6955
9612
222
2277
9669
980
2375
640
7642
4464
4646
3372
6310
2002
4092
8399
1200
3581
2170
3685
4603
1616
8112
1270
6982
3076
8672
9137
7566
3742
1825
4024
1075
8065
9663
2023
7479
3651
3872
9409
8563
7130
2338
858
5524
1587
1647
2395
5618
4207
3122
9093
1745
235
2772
3717
6417
8682
5535
6432
9376
8641
6836
7179
8416
6654
8055
7322
7523
6038
2568
6067
9825
3610
5805
142
9068
9733
2634
4555
9019
7221
7939
2240
5667
5635
3848
8318
2548
8064
4015
2607
1311
3615
944
1630
9765
6889
5369
482
5195
7472
850
776
4698
8772
6987
1821
2499
5388
7713
277
2847
802
3599
7739
5412
3821
3857
9077
7699
3035
2484
1586
462
7675
6506
6627
4488
9797
9465
116
8565
9351
2675
1830
1680
1148
5184
8074
8507
8555
615
9227
3985
1578
6236
7865
3496
1244
9379
846
5938
2974
51
5214
8194
6714
8069
3584
9675
4054
7324
4995
6164
9900
2606
8111
1752
3607
592
3498
2603
7879
209
1459
8838
2945
1213
4622
2867
3206
7745
7996
9204
4269
4030
9991
2718
6944
8934
4327
5427
1776
6724
3492
7629
2422
2904
3016
4374
6951
1856
3264
740
6147
1602
7791
1618
8187
6325
9247
7626
9212
2816
6405
9583
1836
1274
287
1830
816
5904
3469
788
5431
1958
3946
5490
8823
4389
5301
5006
290
9586
2320
860
1332
3646
4276
6089
3996
1018
3551
4048
5621
4371
3147
6709
6432
971
3516
5870
6559
408
4134
2162
7824
7286
8857
4409
8516
6167
5978
7044
8923
3771
4623
1782
9070
3595
2694
5167
8793
2238
5874
1721
771
1999
7748
8619
9579
2374
3538
843
193
386
4150
496
7918
1720
8118
5206
8960
8197
7419
2443
4406
4575
8000
6006
2437
4506
8905
1271
5909
4423
6301
3097
8219
9895
1138
5028
4163
4813
2244
3648
5625
8673
3713
3780
5956
2368
9716
5387
9681
1073
4988
408
3079
2435
7160
8240
3292
3586
6161
6294
7108
1784
1892
2341
6112
9808
6170
9462
8171
3461
5046
4641
8300
1209
9995
4656
4424
994
8664
3534
760
2991
8176
5711
419
1417
5034
7577
2680
8548
2754
8672
26
6357
9290
1648
5607
5709
5840
5699
5047
4803
5357
6898
9502
2559
6744
6872
2894
6435
565
306
2924
420
1437
5891
4668
5782
6986
4580
6444
9511
8271
1145
9595
2001
5587
4974
20
3091
9416
1184
5307
4201
2028
3752
5154
2327
11
626
5064
3749
3407
2236
4799
8644
8293
5514
5480
5903
4989
2150
4365
9037
7710
2660
3387
7938
7507
3012
8298
9989
870
2049
8411
6701
4024
4790
9869
2404
4282
3904
7931
3005
2235
2271
6
5074
7726
2822
9130
7510
5606
9281
5583
2042
3378
1094
2703
8107
6015
2741
7599
5208
2382
5097
3195
9105
3460
8368
899
3355
135
9207
3020
7504
5692
5807
2372
5267
3018
3452
2262
305
6186
5083
3766
5875
4654
8355
4057
7360
2075
4581
2884
287
9332
1406
3152
7051
1412
6107
9223
9743
8792
3435
7982
7856
3559
9696
8142
4282
9230
9375
1392
2594
4860
2040
5861
123
3655
7935
879
773
7834
4248
4560
8543
7660
1474
2845
3485
9261
8618
1358
2837
6303
9504
2149
5635
2511
6998
9960
6284
6782
4773
9996
6239
1457
7642
9776
6599
7937
510
1956
9790
7888
3843
7845
2444
3529
6458
5654
7421
3746
7681
4651
9552
7329
1257
3269
1115
9352
9990
7973
4076
9070
784
2303
8443
3036
2695
9165
9179
4513
915
5628
7839
8930
5065
1943
761
9009
1897
4543
9629
2152
9524
7076
533
5858
3628
82
5870
1527
675
5290
4991
6194
1909
76
329
5057
5970
1726
6394
6313
8707
7900
9132
8403
718
4604
410
6534
4821
5788
6851
1202
1160
8618
7175
102
6091
6896
2286
6735
4274
2443
3064
1902
5624
9750
6831
5285
2959
4616
2120
9149
1042
7238
7881
6135
103
5526
4548
5613
2400
8561
2818
9604
9456
692
7915
8801
554
2244
2529
3733
1973
795
9452
3814
941
6211
1600
7787
3683
670
3610
1939
8068
6128
7050
3219
7287
7865
3339
5611
4927
8419
621
8083
1504
8212
3332
887
655
8720
3353
9404
178
1183
3598
4158
8551
3270
8639
7911
1761
1733
2084
3902
9948
5533
9283
3738
3266
6011
2050
9954
2102
1109
9194
1170
8669
7807
7815
7372
1836
2186
8732
4184
3741
1627
4531
4729
4251
2676
5314
2894
9965
6321
5257
2194
8976
7056
6552
7521
1004
9438
9934
1831
5528
5818
2764
2838
42
2345
8279
6595
3783
389
5500
8478
6504
2978
2911
6013
4893
9695
7612
612
556
9109
3374
9218
3314
8960
7389
5611
7066
9318
3730
9422
4523
2264
6439
3074
7819
7941
4857
9122
6338
133
9519
7297
7593
1753
1317
4044
8689
1821
8545
315
6688
166
4342
4148
8663
2574
9190
3244
4367
8505
1955
858
8945
995
4766
874
4788
9992
9585
7627
9665
1039
7688
4134
8787
1028
8937
2507
6027
6880
4212
4346
9551
4936
5206
2234
3314
9871
5400
7305
5983
6841
4628
9665
9935
4701
3463
5603
3738
8165
4226
1971
474
6085
4939
3056
2107
7446
976
9742
174
6846
5835
8994
1037
6926
833
9145
1945
4136
469
6693
78
1866
2154
1686
4153
987
2613
1937
2624
2049
7168
1967
7199
6861
731
2740
4835
2772
2334
4633
5791
6586
7561
937
3084
1021
3532
5926
3870
8139
642
7301
3313
4721
6808
6140
1202
5202
3724
470
4362
9536
6625
4513
4773
186
6878
5077
2993
1553
6006
9296
9090
1961
242
7410
4450
6793
2586
3571
5446
9070
7924
8828
7003
8738
547
2761
5503
4725
6496
6504
8733
5861
6550
1950
5648
8624
9463
3959
6712
5091
5884
9575
1339
4621
6522
1826
7666
2437
8368
1749
6804
5556
1757
3631
2705
4177
1086
7519
5124
2504
7685
3547
8092
8902
8869
3834
2292
6707
4794
7695
8653
2460
9558
4354
8477
3451
821
5964
8017
1414
5426
3488
158
2257
2002
9169
1621
3761
526
1731
7637
31
6847
4994
5067
5252
2066
1945
8516
5767
3099
7008
6211
6896
2933
4437
7725
952
8055
4901
945
7952
8387
7783
8790
9386
9624
4246
4125
6247
9543
3529
6582
4286
7954
9585
9598
5270
672
350
645
8944
1662
5854
2990
3828
9327
2819
2191
7079
3604
4736
8648
4310
5895
9936
8433
4257
6913
739
9580
4439
8716
6101
7786
4121
466
6925
1610
2414
8292
7887
7387
6691
2999
2286
5954
1564
1320
6546
583
5324
9184
1425
7930
9613
3715
6030
1219
4124
835
1819
6279
2052
9889
5723
7110
6837
4515
9481
194
1681
3409
159
5898
9619
3418
372
6436
7148
8835
8068
4921
9083
9151
7693
9001
5032
6811
7156
1072
4814
4144
3906
737
6915
1147
207
1694
3381
7433
7353
8554
3282
8732
3137
6677
84
5675
1218
7639
7703
4581
6303
1592
9192
822
231
3659
9596
8706
9544
6267
5931
3150
1341
8046
311
4398
8901
9926
1981
6153
5874
7222
7046
2376
2634
8178
6650
9310
2350
7887
6946
3954
965
2169
936
8055
2276
6419
8701
3596
5244
2489
6455
3375
2208
6994
7125
7645
7697
8562
6625
2709
4216
8443
9489
4474
6191
7539
1625
7783
5244
9424
1648
5820
123
1216
5869
615
4583
3014
9727
1966
8853
9406
678
9977
7694
8130
3073
2445
6406
7621
3157
4802
9533
1660
1606
2790
18
4685
8085
5994
8511
2959
8806
2362
7381
1153
1229
314
9077
7382
8341
2604
5607
5982
2525
5118
3547
4705
4623
2529
4922
6084
221
8516
3879
1933
2858
9294
1064
9843
5251
3787
6539
9647
1816
734
9703
463
635
8596
896
4265
8388
4601
6454
2829
3038
3876
1419
211
466
317
5263
5363
526
6096
5834
7571
3297
8457
4133
7131
4293
3358
9189
8692
7354
2844
3797
6255
1307
5370
2303
9219
7999
9274
1798
718
8959
622
8659
7036
1087
8119
651
7221
6010
9528
6665
5409
2702
9193
6829
615
1681
887
4240
4275
319
4249
435
3685
6353
94
5667
5302
8220
9362
7627
598
8115
9344
7175
9825
4601
9232
464
6768
5223
945
7560
7883
566
7714
6852
5628
6474
3963
4545
2687
5964
2921
1108
8101
6274
3302
7634
3544
8796
6390
2201
8825
494
8221
2377
901
9621
6319
1283
710
3656
1664
3276
454
4973
9321
7117
6078
6100
4860
7931
556
900
1727
7902
7571
2704
4020
480
9004
2966
3417
5940
5787
8708
9899
2272
396
8039
4262
7464
2572
6289
5207
8616
132
8678
8514
9582
2544
4324
8927
9922
5982
9404
2671
1235
834
8801
333
9104
5335
2924
9600
5519
1503
5209
7773
9325
4795
8610
297
8739
1414
6742
4507
385
4107
3142
1696
4186
24
8508
457
2043
2650
6968
3775
8121
8471
1736
1254
5350
347
5235
2031
4944
6506
6066
4455
6950
6533
331
5933
56
1031
6748
2145
1354
9599
705
3480
4612
7272
3666
6492
1993
8611
8075
544
2754
3014
8313
7265
7831
8190
6926
2904
6105
8752
4322
8829
655
6606
9318
5189
7498
9957
9653
6523
9703
7458
6474
3949
9297
4981
392
5421
1169
5341
4058
7384
6803
1459
9864
2996
5558
5363
7874
450
8207
7573
732
9059
6506
7290
1959
8278
4687
4770
7767
7567
6701
522
6598
3988
6422
4610
7700
2433
2294
2413
585
2651
3792
5778
3913
5041
6135
2399
5763
5999
7623
9197
9494
9596
1566
574
3329
7956
4314
9491
2789
7408
9983
7722
4488
5216
6853
8757
6089
5418
1692
9606
3339
5404
6829
8534
7953
9086
2223
197
3556
2115
4723
9307
9716
5902
684
4941
7288
5906
1102
3003
3859
1409
2370
4583
8710
1638
1203
7712
108
2206
9784
2060
1701
4048
6782
148
803
3118
5394
8505
3323
3347
2088
1636
808
5996
5274
6923
1026
3556
7072
7024
8565
6072
2505
7715
5298
361
4708
3784
3039
8111
3517
9091
8603
1258
2039
2208
8786
4532
4610
9055
681
2371
634
2780
1863
7835
3980
3709
9393
2927
2949
7508
9808
6455
3864
8532
5392
1454
2700
9233
2712
4131
1616
640
2161
8911
476
5133
1380
7798
6565
5308
1957
5238
2524
8455
7654
5277
4245
6054
6393
4743
5391
8492
9270
8468
3828
5294
7301
4040
7422
2782
2265
8028
9876
2918
650
5651
4768
8241
5324
7895
6175
1443
7489
7553
8356
5032
3208
8247
505
9418
240
1855
2131
5724
5805
8098
6400
2739
4693
7884
5440
6101
1224
656
7518
7913
8442
9048
1929
7806
5375
5130
7987
1608
1169
2327
9365
2645
7713
4061
4093
3645
4488
1004
1301
24
6776
1861
4177
8169
8404
2157
4757
1688
4104
8818
8992
1278
694
1349
521
6585
9055
4101
5045
3823
1675
2413
4722
8848
1461
8355
6116
2756
8277
705
7593
1251
6203
4064
5850
1459
8021
1584
512
4252
2973
5125
8737
424
4402
2380
7638
3222
6290
1067
7722
6029
2625
8390
3985
333
3192
6493
6642
4914
9005
7475
9907
1186
1274
6361
127
6118
9661
5993
391
1733
7676
4527
1250
59
5634
769
9090
3112
1962
9248
3653
5845
4439
1846
1796
8850
1294
1615
6860
6283
4097
3717
2310
9721
7417
2227
2485
7796
127
5483
6028
2518
7175
5811
1545
6171
169
6793
4642
9029
8893
8888
9531
7883
8771
9523
8689
2337
3516
9646
6597
8707
2520
7468
2712
2668
9165
3730
2928
4915
1600
890
4948
6900
1268
5445
8090
8269
3276
2584
6586
3327
222
1591
223
3012
983
1087
1434
3104
1605
4588
1170
6687
8900
283
9436
174
4856
1338
4690
4854
1892
7036
7555
9187
9893
9912
7064
5604
63
449
654
3563
3842
8481
5285
1523
1559
1422
7604
3921
7037
8894
1830
7234
3050
4151
3749
3108
7264
9791
8545
3074
1583
5858
9245
6887
6336
9442
3703
6244
3077
7481
146
6860
7179
3578
4690
9196
9209
6549
8867
2920
3560
8713
1894
913
4686
4787
7464
3698
760
2421
2641
5226
9428
9634
4870
420
8968
6710
3884
1761
7907
9347
8874
2280
7806
1942
8169
1732
2895
5815
6603
3707
9066
4207
5525
7518
2595
3956
9322
5900
2516
2352
517
306
2887
3136
3730
3677
5122
1400
3050
5840
5901
3892
1786
177
7920
6553
8367
2077
9213
8665
4495
3452
4151
8405
1255
4831
1838
5470
909
7446
8488
4980
2081
9502
4094
9519
4213
2279
4320
9740
8774
4852
422
1215
9941
7676
6404
7383
1383
3549
2344
3215
613
9728
8244
1936
4641
3767
6338
3732
5014
547
3433
5445
8170
9731
4715
4212
5315
6326
5528
1782
4434
4114
9283
40
8577
8429
2190
9076
3573
7480
7460
1036
9296
6267
7011
3714
3766
9307
8437
9738
2697
4280
297
3863
6179
1108
9779
8066
7807
3678
1052
1770
6533
2460
9767
4901
7632
1191
6962
2708
5998
5840
4949
4820
3475
3809
9098
8337
3882
7006
3017
8677
2666
7641
6222
4478
3056
869
1337
270
9583
3011
3394
8012
3937
744
2663
3384
3736
6336
3620
3451
9589
4747
9038
8604
8436
1765
4140
8479
6658
692
4130
9449
1260
1322
4395
5406
9238
1226
2034
3227
9701
7528
765
1504
9002
2297
2407
8789
6283
362
569
5837
1487
6588
4404
744
725
6732
4701
6834
8690
1153
1477
4969
3797
9343
7108
9596
4537
4616
3922
9086
7558
8450
3666
2042
5220
4484
4475
8129
6862
3626
6227
4110
4111
2088
2714
9579
1211
9930
1249
221
972
9658
5862
9801
8408
8587
893
8954
8619
50
828
9995
7111
917
4595
382
1204
8699
6182
9311
3717
2547
312
8419
8921
7345
3510
8202
6810
6211
2941
9715
5622
8946
1801
9519
2056
6179
5691
9005
9795
9821
6917
4597
1626
3317
9893
5312
2142
4165
9197
20
2260
5035
3579
1374
9266
941
7722
6376
135
8219
5907
2826
6516
6221
6273
6444
9995
2187
8800
5641
5682
699
6913
3664
2676
9029
9997
8404
7588
3683
1939
1188
8735
2148
560
7876
5213
7647
122
9802
5923
5765
1001
3573
5289
4431
162
3478
9283
7463
1922
5107
7598
7378
4403
9265
473
6186
7358
9215
6733
4266
6269
4866
6410
7571
9947
4362
3007
1388
5227
7475
2693
5894
2818
5559
9369
2157
8546
6193
9269
4794
276
797
4122
3237
5456
6715
3036
6200
4668
8163
4586
5135
1487
9522
7624
3324
7969
8482
5435
6695
4017
3560
2928
6274
8866
3766
4553
7066
9075
1121
8021
8153
8458
461
4731
5929
188
5476
1299
7475
619
8101
1873
5045
732
7849
943
5986
3060
225
6949
5636
8703
188
1320
1981
7437
1221
6780
682
2042
5960
5719
1480
9320
1029
4500
417
9770
4717
2913
8015
1503
6137
5974
5233
3754
3755
7121
4571
7994
8748
6050
4183
9131
1124
9664
2090
1976
3448
5879
498
298
4221
6703
3803
6754
3978
9690
4945
1391
4188
8473
9567
9405
7924
9211
8982
1258
5643
6404
6329
2486
8885
534
1477
7222
6227
7918
3182
7669
6034
1085
4213
8968
8946
1185
2950
9740
5617
4400
7165
5823
3269
8209
8776
9879
1256
9015
9512
9155
9693
3690
1377
2316
1618
8243
2865
5895
7854
8516
9949
6554
3497
6770
1319
8792
3707
4801
1948
4891
8716
4586
8729
5773
6395
2971
9870
6227
251
11
8139
7207
3079
8808
2423
688
7733
9743
1375
5888
7112
8360
955
3770
8688
8187
460
2781
797
2290
6850
8370
9073
5725
4506
5902
4787
9212
3541
9604
5311
7997
6163
2986
6234
9122
6270
8934
8276
8382
3908
2598
9222
9724
5964
2329
3371
4587
1433
4748
1275
1722
6172
901
1651
7964
2147
2678
3600
152
5472
1262
841
3137
7973
2946
7901
5356
6651
2163
3601
9443
5858
8124
1564
1541
1251
9163
286
7895
2017
4793
1274
2028
9182
7560
5301
5740
2633
6840
3623
5524
1060
2261
3342
6793
5172
4321
8273
9882
7891
8714
1922
2226
2223
9543
4477
9479
2709
4148
5565
6866
1336
4775
158
2843
2027
4303
7885
8528
1039
6649
3803
7377
7077
6382
8192
2188
981
7676
7501
3632
23
9150
1994
7568
783
9819
1918
8406
6118
5817
1564
9633
6979
2635
9530
7660
136
7518
6445
2540
1241
4556
9265
9190
8583
5099
4933
2331
251
5814
1603
4530
974
3653
3404
9104
2708
3995
3106
9878
3450
2876
2879
5254
7957
2105
4915
2931
9273
5722
1307
5189
8827
3846
6508
9014
1022
2802
4880
3548
3273
628
4551
5491
6666
1650
62
8342
6196
6140
5917
4714
5268
6883
2778
8248
4002
452
2060
3188
4626
6037
4410
622
777
4107
7745
6997
5677
8790
9124
7219
8982
7130
9534
297
3601
5258
467
2407
1043
6162
2084
4376
5641
8017
2818
4008
7054
545
3081
1299
5975
6597
7918
8028
5112
5727
4180
7766
8553
4107
6983
4403
3699
7307
8267
6326
8421
1311
4831
9239
8131
9264
7787
947
5853
9306
7337
2492
2862
132
8992
20
5355
3597
586
6418
955
8757
7608
831
2614
437
2124
4096
8342
2924
3139
9632
7242
7335
5205
9240
4458
1499
8757
5918
6980
6658
324
2104
8293
8272
434
9755
9859
8865
2772
293
7751
802
2721
8674
5208
312
8198
5311
3058
4624
6458
7945
214
9620
5291
2369
235
2551
7255
7710
2210
4638
3511
7119
7815
9674
1974
6668
5171
3974
3663
3799
174
5497
436
4501
5202
3033
395
9139
2076
3501
1587
1302
7595
6188
4196
35
714
8391
1668
3272
9786
3456
4950
9909
5816
7254
5405
522
591
6494
7967
5647
9622
4735
3813
1450
26
3658
2846
7344
582
2613
370
8843
126
3618
3396
8676
5500
9152
8801
7598
2049
9006
1654
9535
7149
8007
1342
1243
3850
8463
4008
9678
5859
9592
3111
6870
402
4065
8307
9179
3574
2860
6908
8764
6451
2539
7775
2728
1636
7814
8914
981
5227
1403
3529
416
9737
9810
7931
4129
5658
7804
5870
6458
9831
5816
9918
5357
1343
8961
5453
9191
7679
6919
5861
4317
238
6857
9737
8449
4310
8828
9801
6881
2492
6571
9620
204
4721
3419
2312
6626
9441
7369
8709
2151
2056
34
8399
2259
1092
318
1282
9737
3190
1178
5216
3090
1650
8945
2934
7846
6614
9191
5389
3878
9528
1746
7404
440
3943
1621
9338
9152
4467
6122
2577
3000
409
3099
6686
7836
7831
2172
181
3412
2590
1273
2770
4911
3925
456
6362
3688
7049
2155
3360
1896
1730
1316
6275
1000
6865
9253
3844
7488
4166
9699
9542
6161
5246
1446
5390
6348
9050
6544
8922
7613
3883
9143
1534
3159
2537
3553
2537
3565
3378
2699
6486
9802
8255
7526
1391
2734
2114
1054
9371
166
8764
3112
6616
1671
3932
5592
2484
390
9634
2556
9397
775
8657
985
8857
1056
9474
6016
4279
1385
8565
9980
6516
8098
5123
6922
6978
4720
6575
7814
3955
1878
4891
6478
6315
3469
9174
5829
19
4752
1539
2086
794
3446
9413
3203
7302
3116
3622
3929
4632
5326
615
6129
9998
4050
4226
5318
4722
2658
8299
9406
4255
4724
3141
7480
2339
6023
2048
8576
736
1740
8656
3073
6813
1983
3514
4536
9114
7936
8263
9312
2688
5827
3419
8512
311
1792
3151
2141
4321
9863
474
589
1347
884
3550
1322
5588
1898
7071
7230
6510
3456
6926
2193
9618
2485
8164
2669
7976
8033
9978
3450
6196
953
1509
9019
3395
4862
9151
6947
4533
3059
4752
8405
3781
5834
2684
4712
6931
9514
9382
963
5874
7294
8690
8842
7885
3837
1063
3365
2469
1009
3843
2329
2774
54
6761
6134
6168
2897
278
733
5440
5483
2930
3979
4310
2985
5793
5574
5026
5369
1017
5314
4192
6507
1341
9297
8882
6265
456
2197
6004
5893
2726
1555
6971
7502
6300
2150
3911
638
7016
3053
6744
5474
6099
7810
4716
4407
4370
4904
5494
1998
5772
9792
7499
7771
1174
8536
9237
9136
7898
5281
6570
1745
1942
2427
2407
5524
5057
5727
1430
1207
7432
5833
4576
7917
5799
7696
8763
134
3235
5299
8531
3082
1396
3617
8055
978
2463
613
6907
612
3249
3420
9307
5081
3545
9253
5983
4556
1292
7157
1289
769
8364
8387
555
1295
3586
1910
7958
859
2072
7033
830
4307
5651
5768
4505
2388
4446
7371
2774
8313
1570
4316
4426
9568
4081
661
5413
3498
6898
9659
4867
7327
2694
7249
2207
5580
1657
8667
1682
1099
276
6352
1353
2316
2672
6826
1045
9189
4357
8542
2635
2787
3872
2898
2427
4540
8339
5664
1662
3843
4182
678
2393
2919
6443
9094
9263
7625
127
6241
4706
1144
7884
4011
4937
6570
220
4171
1070
2825
9432
4786
9630
2919
2607
1365
5603
4832
2098
5608
5391
5595
4732
2985
2142
764
8302
6710
9438
2921
9832
2205
6379
1255
8180
6846
9875
9440
7373
2622
904
2787
5789
7387
2468
2265
8307
9223
486
6735
2627
3587
9370
2469
6648
2009
6727
274
5205
8886
9282
5681
2729
498
2609
172
5312
6077
5081
7315
4998
3032
712
2825
2614
7501
7871
4620
5425
7629
8343
3519
4539
7972
4917
8885
8319
4858
4088
1740
7762
9688
8014
5284
2405
9493
5046
3163
68
1341
2193
3590
7339
781
7122
3149
4184
3693
6932
7812
5804
9146
8507
6930
7980
6927
8754
2592
5156
3679
8276
1455
794
7202
1030
2934
6656
7898
9297
7911
3363
5920
8061
6317
8417
464
5993
1285
2599
2670
3800
7669
4872
3555
7045
7453
6650
2584
4839
3673
8283
6254
351
2048
2785
3415
174
92
5710
1524
3156
5478
7762
540
6899
3149
1291
6838
7714
2691
8471
2084
2045
3732
8170
9212
842
1492
1931
4435
1206
1892
1720
4568
5550
3249
5018
8155
6122
6169
9684
856
2115
2746
3317
3764
4453
2825
7549
8307
4400
8140
7612
1811
3241
4325
9909
4920
797
4475
9409
373
9893
3126
5984
500
5844
2343
3163
2290
6846
834
4517
7466
6531
1705
3072
956
7369
3958
5195
6666
3400
2628
1209
7423
2398
9723
7965
7356
7731
1830
1649
2608
1879
1427
3830
5012
3495
6934
6902
3216
894
1802
9845
9469
9832
5749
9238
6200
3762
3879
7578
6688
1629
1167
243
7548
1026
90
4678
9948
3631
4121
3231
5706
4287
3821
7951
3644
3512
5634
5536
5962
270
3717
7113
6774
5685
9988
108
6429
6019
8560
2605
1016
9044
577
4206
6127
9751
7047
1381
5419
7494
872
7567
1254
3427
2506
3389
8098
4413
4591
3389
1986
4610
5224
5156
1721
6078
456
214
3101
1426
7062
3000
9496
9296
9102
1357
2203
451
8117
8605
4510
2043
1382
7876
7480
3734
2606
278
8696
7066
8289
9552
7374
5774
1590
3194
7625
7545
4630
7576
3262
4882
1644
8608
5569
6822
3786
582
5556
648
8456
3794
7161
1267
2345
4275
7269
9851
8140
221
6595
754
3611
9070
3057
6566
9300
7775
5547
999
8018
2566
3683
9447
5111
1624
1706
986
264
8427
7166
9180
5461
6457
7423
1666
8803
4336
175
5560
3560
8535
4166
7466
5347
1291
8207
8926
9717
6184
8019
9726
9472
9139
1680
6276
3818
1988
7301
6783
8558
6801
8093
8722
5247
9877
8005
2427
2858
5983
5676
3008
9031
3783
2422
5157
3067
8715
9308
3419
4718
7320
2756
1922
5156
4036
6185
9679
4266
1240
4791
7193
1150
4907
613
3229
3771
8506
2063
258
2064
1156
1230
5271
2092
1281
9191
3832
4169
3010
7805
1023
1522
8355
1571
3142
3121
2125
1026
1563
8057
4649
9059
77
5309
1967
1418
8595
764
972
3936
4092
170
4642
8875
7329
2252
5785
5404
5062
8159
2467
1540
4463
5717
493
1972
6015
7485
6882
4816
4524
4222
5450
463
495
5936
4047
6001
9159
1015
2416
7005
8909
2012
6254
3926
3074
6426
3556
1194
3508
4402
7443
2199
7119
7132
7803
2202
9985
2266
4310
5749
9046
8826
1951
460
1218
9817
2624
3469
3661
8462
9737
2250
376
4394
2764
4915
861
7306
5492
5508
7285
8406
1958
8297
8900
378
8928
3434
1838
6590
8351
7607
1101
9251
8508
7905
5018
3245
1846
9714
5417
8584
4283
4058
9553
312
8719
231
7672
8113
9520
1888
9390
1567
3968
4046
5104
5411
9857
9048
9917
8731
1615
5129
3733
7645
310
2528
2316
9152
6581
3716
6398
2646
2986
3090
4765
9034
1485
9508
6406
2034
4169
592
4450
8513
5573
6730
3064
60
640
8359
8288
1526
1131
2479
114
6331
2032
6510
9788
9366
8224
8679
2
255
2347
2613
5296
2356
2456
5504
3675
754
469
4056
8166
8848
6488
1586
145
1624
1283
5676
7179
2852
8598
4733
584
4977
3007
5822
6221
8402
2236
768
5144
3764
8161
5672
6845
8473
1557
8830
6140
9556
3143
2350
4094
144
6382
9784
5741
572
637
970
3507
9479
4710
3272
6443
7140
2613
2357
4612
7658
8973
4433
7156
2875
7153
5727
2457
4735
6152
5874
9099
3276
2947
4787
7581
6148
6011
9458
8290
2235
2707
3174
4012
3172
7037
674
3391
6679
5016
5959
7988
8433
5175
5472
5418
1911
1645
8942
5207
8136
4180
8768
8221
5183
2782
3182
7863
962
50
9698
1810
6138
5960
9684
2009
8271
3056
3985
7944
3550
6700
6295
8770
7242
637
3376
6030
9981
9787
8184
9068
9977
9695
8412
2710
2240
2234
2321
8385
6412
6713
4078
979
8860
6400
8488
526
8939
1890
7480
8090
4062
1587
1802
9025
8074
7429
4933
3924
3952
1518
8674
3292
1095
9227
5083
538
5060
4142
7489
2447
9175
2834
1610
3975
4277
1759
8261
7168
6014
6041
9339
5162
4971
5443
4948
5206
1526
3345
3603
4608
2421
1979
1695
6041
4900
7725
3039
653
4238
395
9218
3428
6504
8450
3576
6692
9482
3226
8384
6307
8923
4407
8638
5226
8519
8543
920
261
8176
7782
2846
7110
1551
9588
3605
4122
2757
6137
9886
900
4082
8007
9543
7765
753
8605
7933
2701
8766
5460
1516
7466
2741
5297
4486
4655
1193
5995
7099
2801
8717
6567
7931
2907
2850
8992
5605
2897
8110
6930
4523
9265
7317
9829
8325
9541
5351
6534
9454
117
582
497
558
7514
8433
2619
7237
4141
8002
796
4193
7294
1153
8266
5341
8881
6467
8672
3414
5138
5651
4781
5386
3545
4474
4713
2015
2553
2142
9491
7438
9762
9989
9125
3706
4454
116
9225
3745
7833
6024
4533
2749
7793
3936
9313
7015
7901
69
6953
2154
1698
6535
7902
9855
1632
9670
9495
1418
9396
3002
1478
2000
4679
7471
1557
244
2195
3616
7214
1037
1861
7934
1770
5796
7150
3214
1697
9487
2739
7709
1856
7622
8533
2288
6425
431
7515
9180
7716
2026
3435
1070
260
8747
7303
1609
7332
7951
2580
5706
7967
2140
6102
201
1135
3210
6120
6142
1230
1496
1128
9806
9336
9005
7310
3809
1426
7484
7772
1120
5699
2403
4273
4240
4240
2016
8936
5414
54
8671
7326
4758
2912
5877
1809
4108
7385
8690
5251
6550
2827
4615
8622
412
3494
8100
6017
1773
2764
6076
393
6855
5241
2440
7739
9331
6192
2052
6861
4507
4064
8202
868
9112
3893
6905
3288
6844
2875
1985
3012
1129
6510
590
970
2764
4349
1743
5859
8618
8508
1106
7476
6341
136
5070
8684
4874
4150
8860
6474
7323
8645
7858
2299
1588
3458
1629
4513
1772
3657
1019
7647
1626
4873
8995
3217
6705
2049
2497
9096
1786
6822
5714
3091
4252
7430
7848
2633
9051
4695
6330
5651
1626
5113
492
6327
766
4746
4358
9902
9712
2280
1155
8919
270
5873
6057
8437
8992
5942
927
6819
2210
9438
6128
9608
