855
7815
5352
7526
828
2505
9280
9869
5000
2094
9352
3158
6401
200
5454
1171
5949
1245
225
8062
45
9046
9716
3183
8566
8438
8866
190
4208
8085
1660
9397
7160
3752
4446
1313
3952
414
9919
7093
5255
6345
7079
6411
9763
6535
7723
8056
505
7645
1492
1803
6207
9343
7517
4482
7466
462
5051
936
8881
9390
7655
1663
4834
7123
1815
4230
7298
872
9851
6263
5936
3051
3410
9856
499
968
2045
3963
3202
3569
3755
9837
7490
9239
6708
3287
5258
7271
3217
4540
5538
1940
3880
496
6602
3132
4118
2505
1895
5946
6709
2230
8648
8760
7453
6616
9063
7743
7687
112
9482
1869
4972
6231
7545
129
1132
1156
251
1029
8538
3134
121
1609
4740
6542
244
6056
3457
1119
3634
7433
8035
5157
9411
4036
6013
6359
9410
7567
6590
5787
1751
6677
5434
9629
5417
6978
8793
379
672
1261
6073
2464
9209
5569
3103
8859
2147
9146
7931
8251
7607
9577
889
7977
2804
2820
6212
7378
3656
253
4885
976
7434
5693
6825
996
9572
6989
8768
3426
1871
8129
1314
5784
4934
4865
4076
7500
3453
8470
5464
3474
1754
3549
1515
1703
6737
4890
6839
5101
4333
1677
865
1571
3130
5562
5325
3999
6624
8935
8949
3163
7754
7719
8600
618
9093
5869
2495
7413
2244
8864
8940
7735
4352
4442
5803
2177
9660
2316
7274
6154
4998
7954
1909
3975
1242
4862
7882
5651
9393
5092
6571
8011
7478
449
3441
4697
1113
1625
286
7642
9149
3948
4475
8158
3516
1780
8864
9148
8538
6989
1490
8863
4662
4881
2326
5921
8109
63
1588
6883
6953
3959
5926
2214
7319
9733
9872
4649
1702
1256
1178
6319
1691
4478
9241
4508
3250
782
7276
8668
7375
3217
5169
5648
7874
2701
3927
4934
168
976
9871
1491
2142
5590
620
3056
9553
118
7385
9391
8465
6431
713
5416
2180
4411
8778
2356
8806
5389
451
7813
7310
5868
4124
1040
8620
4380
9277
2872
1599
4581
1919
552
2931
8514
302
6717
9223
7433
7232
7214
845
5074
4543
5065
2458
9893
2914
7915
2237
964
9146
8139
1996
9923
2312
6883
1770
4608
9436
9196
4469
9298
6904
7910
1260
3874
9250
3905
1694
1248
8425
4746
7982
3892
9311
1157
6658
3266
5765
8628
9962
8889
372
5105
8061
8408
9255
3278
95
3261
8966
2886
5904
5868
622
7487
4798
6680
3068
1295
4314
161
8520
5144
4952
4506
7246
5346
8240
805
7047
6371
3233
4478
3238
4477
853
3377
1663
356
592
8648
7330
2266
9506
3957
5173
4377
8860
505
8991
5453
9807
6686
7745
7212
9216
3927
3327
5490
6791
4658
4764
8173
9799
311
5524
8210
808
7281
9858
3914
3808
9797
6466
3484
8400
6451
5521
8696
7738
248
6208
925
8369
6861
7912
4696
8152
5808
7111
3099
3581
7582
1912
9669
2927
5721
1313
1091
5913
4555
2998
1875
1395
1240
5835
5008
5230
7577
5446
9567
2413
2106
595
6101
2307
4737
3729
5571
3159
7929
777
3103
2404
3627
7263
5008
9741
744
8418
4037
334
3606
9101
9203
5853
9540
8112
2666
1071
9659
8616
2818
2263
5955
5002
3239
3162
1839
9024
542
3070
4102
3594
6851
7425
1759
2054
2321
9877
3528
4154
1789
3593
8995
4685
4591
3091
6910
8693
9757
3065
6413
2700
3270
8702
5062
7612
40
7594
9497
8761
5327
9555
6778
3550
267
2535
5292
5215
4700
1436
316
6317
93
4158
5927
281
1818
9751
1033
448
7711
1902
3923
9412
2622
2678
1864
7595
5260
3990
8852
9872
7433
5481
5018
4456
4283
2300
3448
3695
6742
9957
7129
3457
2570
3587
5751
5428
312
8896
5754
7682
9106
6274
7346
6789
8287
3281
1885
5195
9511
9732
9397
457
8593
1604
2345
5756
4087
9954
6838
2138
1186
3060
8610
3991
840
6826
1046
9556
254
3279
1493
4545
4891
7995
5165
2803
6876
1989
9256
3713
5645
8102
6815
7800
8186
3529
780
6863
6995
2398
3307
4949
2885
7038
8445
3686
6091
5912
920
4220
3360
5914
5582
8865
4783
5020
6599
2147
9577
2598
5790
497
2434
5985
7606
3938
9353
3339
2871
5013
4546
5764
9465
6898
2866
7349
2475
2911
2150
3345
4817
7583
7265
5524
7048
5014
1984
2440
86
8823
5835
5846
2595
9710
5130
4857
3006
8969
1761
558
4622
4129
7002
9992
7174
1398
3373
4720
4339
9433
3519
9801
3957
2963
2757
8465
3895
8690
1907
6788
2205
4741
5269
4331
1594
9644
7432
2433
8747
4882
4230
3318
3588
3559
8285
7501
6660
8390
1243
7840
8263
3941
6793
7059
4808
8667
2032
950
8481
4252
6156
6548
8625
463
8715
6568
2296
4512
8706
8687
6946
7810
4013
4264
6925
5932
4273
7224
809
2596
9424
5323
8972
858
6231
3380
9375
2843
1559
4086
920
5718
7807
7739
900
1834
1282
5937
3057
2670
586
6037
4645
3627
4169
2071
7439
3124
2472
8269
6216
3974
6014
6964
7813
5658
4350
3152
2924
7863
5022
4629
2353
8692
3711
302
4476
2539
4526
667
5704
6489
6134
3912
8138
5634
9359
3239
7692
4050
7751
6112
9061
9598
507
8847
4231
169
3139
6283
3941
4179
4520
7735
8943
5835
6338
8610
8763
8885
6866
8569
5602
2310
3096
315
2996
3692
7026
1261
9417
5163
402
1252
7621
6802
2011
9520
2518
9804
6648
7401
5293
3715
6441
8129
7623
8654
4394
72
3959
2283
5010
8351
1554
4872
4997
7636
6359
4619
3350
652
41
9938
1069
8511
8778
4101
3041
5548
2965
5239
4210
205
6552
7323
1941
5974
1629
3922
4877
1527
3587
9363
6450
4737
4542
5348
6337
4645
6695
2165
9184
7416
2753
3900
844
6083
9418
8778
6929
8950
186
2253
4085
1500
7659
5423
6561
6570
3188
9931
8365
1826
132
847
9191
7460
1016
8445
8448
1795
2985
8236
2515
4373
5445
7692
9987
5236
744
503
928
4963
4886
7906
5029
8746
8200
9875
929
290
8833
2780
1280
7740
2748
2533
8901
411
8676
408
2166
5410
6095
1942
4564
7512
488
2039
5462
6120
312
5247
7393
9925
5520
8523
2886
6347
4389
2811
6008
6336
5384
874
1384
8778
7121
1256
4367
1962
7623
1496
5623
9766
6751
4357
9702
1668
1631
7104
744
1505
5230
9701
7017
3010
4330
6716
7676
8978
5428
3867
7546
2155
7740
4728
2826
5312
9285
6859
9305
7206
8581
6658
9799
7122
5692
6639
1710
1821
2542
4684
4447
2053
1998
7887
8506
1853
568
2920
5018
2837
155
1671
1548
6660
50
5930
2794
7377
654
7140
1656
9601
9202
682
2025
5643
5962
9271
1151
8312
9768
4799
7565
8694
1292
5552
1819
5547
2576
1508
4278
3926
3069
211
705
5473
3150
9654
9468
2323
9711
6086
991
898
8385
5187
2531
3509
7261
1008
9085
5783
8290
524
8600
7352
3853
1228
4446
1534
1620
8579
9154
4266
8063
6499
4557
9157
5507
5373
644
3128
444
1573
6114
2218
2327
6449
2711
5380
1609
9904
12
2401
6896
1815
9186
785
6852
2374
7607
7293
5544
2570
3364
3252
3171
4187
5205
5220
5846
8438
3653
3685
8266
5285
8198
9903
3991
473
4554
5995
1075
378
8578
5623
8981
277
7600
4643
8533
7364
4426
3897
3234
1132
6878
6122
6799
3072
4044
7586
7387
658
549
4749
6315
2218
3982
9684
7014
1727
1793
6128
2221
6018
3488
7183
9398
218
7238
3363
1572
7833
1788
855
1588
4350
773
270
4021
3476
279
2660
2005
1880
7286
630
1141
7816
3567
6557
8568
6294
446
9317
3565
6539
6268
5692
374
3353
3912
5685
6597
7945
9585
5532
6962
8819
6413
6789
4235
9356
7881
6509
7897
9626
4526
5474
522
1042
3804
6638
9361
578
5558
7310
2454
4251
2633
6562
1851
6150
4602
4589
3356
9432
1883
187
4658
7248
2298
9042
5492
9933
7975
3106
7034
4188
8783
7590
7968
8734
9929
4716
4356
777
2861
9937
8604
6309
6812
4965
4278
1767
2064
9566
9470
7066
5361
8201
9093
6089
656
923
4516
4505
4948
8277
7070
35
9790
7142
8410
2239
4555
2842
6165
9660
4743
9088
7059
4845
4968
7994
5966
4621
6558
6958
6701
2867
8836
5081
7570
1392
1827
1330
6240
8629
1764
1068
8566
4546
8208
3510
5165
2634
3142
1917
7274
9666
8439
1729
1456
3703
8738
6212
6533
7679
7895
9919
4943
7783
1962
7839
8363
9180
1783
3740
4426
6998
2652
8106
3849
238
6711
2505
7147
8225
1292
5255
5877
8700
9475
1606
6709
8455
3405
7111
3968
8846
17
8213
5479
8586
6647
5503
8757
3903
4991
6461
1816
510
3103
788
9417
667
2504
2308
4650
6985
6771
4206
6907
2257
2734
2563
3768
2209
7949
4312
3203
4545
6014
9526
3721
6832
461
1646
6468
5197
2049
1753
9597
9107
8193
3709
3627
2652
9431
9259
9020
3974
3343
4805
4911
9186
8779
7982
2028
105
7031
4202
1121
6041
1907
4116
410
4670
1027
5214
1003
6252
4543
3747
861
3255
919
4969
2403
1237
3399
9666
6311
988
9331
4721
5638
9190
3343
873
1109
4195
4846
897
2143
9309
6405
5716
4988
5670
490
6214
7599
9517
1982
7936
9868
2272
8853
4076
6692
1788
4702
524
4830
8495
1651
7589
1364
7614
1935
7273
5703
7827
4566
7010
3760
8591
5766
1994
5557
6029
2744
631
963
9702
2179
1348
574
1169
3645
6315
8771
7650
815
2607
8549
8851
1732
3989
4108
6561
5853
7714
6135
5005
2356
2607
1017
9843
59
8554
183
5255
3569
87
781
2091
304
2403
3800
7981
486
8233
3939
4957
5277
1645
7121
9101
1625
8869
8691
1409
5214
6456
9287
8437
6972
3630
4462
1534
6408
1687
1144
4648
7160
6265
1486
9087
8442
3345
140
5162
6881
5258
6601
6513
701
8107
8916
4111
1879
8442
8525
1890
550
1502
6189
1487
1232
9443
4339
8019
7281
3591
1339
677
1809
9121
285
327
3941
5873
1264
4971
2340
9362
8905
1185
2324
7900
8100
2942
2305
3399
3821
1289
8713
8857
780
8000
9079
9840
8251
5687
9289
108
117
4256
5744
5411
252
6422
3669
9480
4375
8115
8195
1558
8358
4018
1220
2614
9188
1087
2875
3488
1592
1946
5595
9197
5464
9674
9906
7547
2362
8158
5270
6347
5736
463
7531
8164
736
4513
3421
9338
597
40
5616
7273
5301
4679
5234
7723
9288
5812
1850
3001
7250
9016
1263
6206
5013
3074
4023
9223
1478
8715
9707
4823
9130
3204
8387
119
2972
8267
6067
6763
862
3037
1073
2911
4762
3925
6994
9776
7828
4675
5921
3847
702
1351
3803
976
3607
6076
8906
7497
3601
9091
3659
6886
8765
7620
2846
7297
4758
4281
6474
3006
9494
4374
8218
7053
5465
5568
5864
3993
316
7262
9476
6957
8513
637
2738
4294
4002
4765
349
3268
672
1833
332
3146
2343
9204
7551
996
8447
2110
3541
3736
5298
5655
9790
3782
3221
1994
7928
25
4181
6330
3048
1151
687
5883
343
7829
5115
2599
1591
8092
5542
9025
2032
4360
1355
6182
6635
9926
9902
1391
2538
5085
2101
4419
2434
7006
1474
4250
3686
9078
6753
9468
2769
466
5275
6999
9839
3201
1861
9088
7321
6021
5128
1888
9532
6723
6125
384
1589
8059
5349
8256
1835
4849
8690
1696
4232
5961
3526
3906
3525
946
4518
8390
2658
2457
4778
197
1343
5358
5172
5194
5801
4579
5338
9434
3764
4225
7362
1364
8657
6261
2713
1540
8189
8904
5375
7201
5159
1836
6371
3958
9275
7954
4375
526
8735
9560
6976
584
233
1135
4268
138
7499
3307
287
1650
7084
564
9132
7256
6132
6010
6397
2623
3588
9253
5472
8602
2944
1802
1758
5163
8938
5977
2648
119
7852
9667
944
9301
5170
3066
9105
4117
5602
4272
8700
797
8888
2849
9169
6991
6466
9581
1942
9910
9828
3517
4359
3967
5513
1463
2506
6933
8456
9661
5165
1492
1999
5983
335
8783
4750
129
6967
1341
7522
8263
9317
6414
3372
8508
2484
3836
8285
9618
3320
1277
3713
9700
4281
6388
3430
7544
6860
8135
1111
256
6843
1963
3673
3519
7376
7163
4753
3752
9107
2648
2863
242
2413
5610
4348
201
6905
8421
5932
8830
9030
9399
3631
3470
6715
4621
6074
1568
4584
8805
1260
6711
2468
3263
9440
5687
8472
8909
511
5349
4360
5849
6974
1431
9385
7061
9627
8667
3556
3197
784
4468
1909
9641
8514
7758
608
5774
665
2963
961
8245
7595
3846
5918
7075
903
7532
2539
7303
9739
5450
5514
9171
7187
5114
4109
4066
8687
3447
2217
7207
9983
2120
2201
7046
7357
1354
7116
8604
6775
7749
1724
6600
5192
5664
700
3677
9395
1889
2701
6000
491
733
7117
5148
6529
13
8588
7541
8138
3425
1500
4057
716
4158
693
5202
2886
8996
6691
1689
4634
5579
9533
8372
8983
3051
690
4688
4311
1114
1537
3226
2401
2639
8053
9479
2956
2934
2139
8067
9538
7005
2962
8550
6364
9387
6062
5843
5775
4800
5369
4794
4323
9784
2199
6701
476
5657
3140
6224
6231
3627
764
3305
7523
5655
1654
3047
4985
5192
398
3407
7833
6703
158
5458
5506
5586
8632
4906
3022
4612
6930
6051
3368
1184
2591
8630
1435
879
4582
5217
856
9801
689
2594
803
952
2596
8914
1083
7495
696
495
4724
666
5155
6961
9139
3128
2934
7582
5109
1682
3571
568
5212
3959
2856
212
5271
5264
4413
9783
1373
9703
8693
969
4742
4149
1332
2459
54
2264
7950
180
4551
5779
3640
5991
7106
671
6557
624
9081
2096
7727
4862
7844
3522
9512
9883
3638
4770
1499
2757
2587
2073
2076
7729
992
5619
1529
1910
591
7918
2452
2804
3334
4174
4894
9064
979
8285
1569
2839
5822
8112
6057
7175
7907
4564
4737
7213
8970
8391
1046
1985
7941
3524
1690
6575
9653
5158
6935
1206
2762
4381
6541
8291
4805
9439
6474
3128
1563
4405
341
5541
9720
6790
7415
8216
8605
290
6519
4401
217
7940
7313
9310
2079
1418
3586
7014
5641
8945
6786
2305
9481
5962
1038
2596
9592
3529
6721
5675
9197
6700
7598
1998
7947
1816
7437
2374
5799
2638
3375
1241
6533
8365
2944
6192
3470
1698
1449
3770
4512
3706
5102
4282
6402
3560
9866
8684
3282
7969
6421
9685
2334
2052
9568
6983
3883
1672
3469
4755
4245
4638
6029
7561
6867
1638
5911
7211
2566
9437
7986
4513
1710
5043
288
2005
841
731
4439
2910
2105
1979
7372
6426
7153
7875
8542
708
2044
75
4365
3173
265
1045
5429
6310
2791
2002
7659
4788
8265
9761
6162
8284
9511
145
6042
5126
4529
9895
6102
2287
9376
1371
4681
9438
6266
9837
7117
8280
6209
5333
6015
4318
9034
4760
554
2212
2885
6550
8862
7069
1678
4320
5741
2258
7262
4664
8802
3121
7294
9697
4830
7154
8618
6261
7728
5429
2110
5252
672
8135
6352
2218
2697
4756
1929
5994
4321
6742
4833
8230
6390
7163
8182
8001
3318
8372
1337
3147
8379
1466
2677
7099
1377
2972
2860
236
2294
8243
5904
8558
477
6934
2411
8045
3214
2457
4988
8159
9277
3008
1775
1350
582
6482
9623
9429
8610
8985
7306
4464
3369
213
5417
2396
4740
9280
731
3061
9325
3260
7525
4206
2198
7897
2280
3971
6498
8691
6358
9339
2340
2487
18
2217
3730
246
1028
2658
9637
9011
5478
8073
5040
4774
4527
9893
5915
5075
8601
3892
6763
3236
1888
7049
5983
195
2985
4272
6601
1268
380
6707
4727
6255
4656
6869
6174
7099
5698
5355
2402
6950
1490
8123
6116
6145
5530
572
6825
8648
4123
4381
7186
6208
5429
4737
1949
5432
7971
6248
4312
4626
2561
170
3645
2539
188
1228
894
70
5764
7220
6638
5111
8368
1785
2634
9818
8158
5012
1090
8308
6757
8643
2984
9426
1673
9372
6420
3294
7578
687
8289
1136
9162
4500
2936
3360
5401
115
3831
2457
6527
1266
1581
1545
6357
2969
3269
6966
1584
993
7260
2155
5099
8523
9104
5487
2431
350
3448
3462
3730
4968
6346
4785
3338
693
5357
3841
3260
9629
7291
9657
8966
1800
8754
8353
5157
5549
8216
4999
4979
424
8345
1568
3904
6793
9807
3420
7276
2809
7084
9415
4175
3080
8134
9739
5765
9330
6527
1555
3161
4736
5440
2267
1565
2442
5602
4531
1219
5626
1897
4178
8316
6476
7470
8087
7098
3633
5703
203
5683
9859
1765
242
4709
9907
1625
9377
64
5998
3331
3001
6565
7518
169
5121
3017
6252
7073
7762
1925
3428
9675
4539
5918
4513
4414
8725
5884
8471
5614
4545
409
7823
6150
1646
3527
4445
5463
1159
2702
1421
9405
3768
9330
6044
810
6672
8701
611
5346
8178
3998
9518
7587
5095
2829
4171
2862
78
4601
3214
5190
1091
3408
3505
4948
493
8155
809
7941
1968
2164
6356
1425
6899
261
1198
6120
3485
6286
434
218
3769
1505
3486
1491
3480
3118
2527
7474
741
6278
8955
1173
8643
2991
5166
7971
5715
35
7356
5365
1170
9077
9430
3426
2927
7297
1415
5509
3178
3343
6142
7629
3976
9860
9638
177
5987
5460
1120
2734
6431
4168
8786
5246
7063
9991
6585
9878
6421
4277
1706
7181
3072
69
6919
2740
8112
9788
5389
9847
1549
8548
5497
7086
9669
3993
8827
6944
1693
5252
9474
2437
6799
3793
8551
693
1825
9519
4838
2562
8230
835
9287
1296
7230
4473
8299
4093
2713
2185
786
7856
968
8546
5609
7106
6708
6181
3632
7843
616
5889
8010
955
3193
5574
878
5951
9015
4680
5626
5515
2235
5314
5207
9810
6400
5572
6439
7071
46
5579
9179
1142
129
9340
1505
2381
3048
748
3323
7585
570
2799
155
678
4595
667
9978
6494
1627
2104
552
2485
2184
1206
461
9543
2074
6587
4382
3518
9220
2424
1579
1292
6955
5111
5814
8962
9574
4771
286
5611
8853
8531
2905
9336
719
8324
8912
7144
899
5794
1012
2467
6992
7283
9582
2019
8864
7553
4196
2080
9599
1922
1000
8183
5561
9798
7722
2934
3521
252
6366
9030
5343
5184
232
7157
5185
6469
1012
4592
8002
8315
5922
9689
9719
7245
3694
4603
9046
586
3230
5239
8946
366
1972
5897
2737
3405
8579
8044
7390
1355
1487
8423
6090
8715
9533
2963
8558
5554
3081
7641
4411
3014
6871
9821
1874
8168
1233
8385
2304
4155
1487
5399
9649
4849
868
8088
9414
945
2997
4122
2337
9462
2180
8608
9004
5175
2683
9268
7801
9278
869
8490
8996
1688
8054
5985
4053
6744
8666
875
7522
1272
6539
1702
1329
4749
348
3526
715
6229
1186
8913
700
7872
7939
8775
983
3416
134
1740
7495
4127
6186
3604
2832
9764
4579
9242
2979
5137
8062
4492
2480
9395
3078
5750
7062
2823
2719
7577
3702
8302
576
9896
3830
2444
3694
9327
8209
547
5155
2129
8283
2119
9261
2940
7219
7742
8258
3467
1233
8278
8994
7160
1950
6962
5
4555
3155
2307
2147
212
5578
7999
2994
4913
9985
3776
3898
3500
7629
4795
1925
9317
5322
7660
2610
2279
6592
6507
824
4569
8658
6317
9303
7763
1809
6217
5931
3211
9837
5508
2938
1707
9595
7404
3964
2785
1313
4366
1787
3939
8206
3013
128
8316
6664
9616
5548
8616
7341
5374
2872
5992
8475
5672
1028
9234
3563
7131
3852
312
4679
9232
3033
3123
8589
5658
8515
6395
4299
7324
8356
1334
5946
9108
7176
4684
1640
1144
4817
306
1645
8475
6582
443
3183
3484
9771
4615
9233
6812
716
5814
1398
2634
8164
3518
9043
2124
858
2101
4003
4652
170
6139
8676
9005
9506
2278
3774
5432
1379
7692
8036
5639
4983
4135
9635
1613
50
9816
2183
1761
2512
2459
6797
5557
3918
7490
4547
4279
5989
5264
8124
7891
3361
6933
5680
7475
9745
8337
8159
2148
6854
231
2390
4438
9710
6431
4970
255
570
3112
2898
2909
8715
4344
9569
3767
7532
1073
5312
126
5289
9411
5675
9285
4573
1864
4130
7722
2953
8239
4303
6976
4368
8584
9415
378
7887
9305
1593
2182
890
267
6116
6212
3330
5300
1702
5730
4066
6337
6958
8038
5801
5968
1011
8134
7970
9448
4141
263
2382
2053
8033
1856
4436
4276
9035
8138
9390
2071
308
8358
3413
9237
4674
619
6919
1697
9983
8875
2180
7045
8193
9361
1625
2220
8824
250
8499
8793
631
909
7957
1847
634
9255
7157
4173
5030
3767
2288
9709
3438
4995
8654
490
4833
6998
8064
596
1872
5638
8886
5586
4109
4806
1821
6330
6256
7189
4741
127
147
6976
1441
1464
685
2555
2152
8089
5996
6999
3256
4577
5163
3057
1258
7727
6419
7143
400
2209
526
3576
1195
2986
5542
6294
1242
3967
1500
7770
7068
5695
2613
4613
2694
1789
4079
2351
5617
9307
7489
1822
2522
5348
3728
3667
7517
3398
8926
228
8012
523
8908
1490
2152
7363
8769
6248
8003
7663
3187
5599
924
5420
9937
1519
4249
2121
4851
2390
9843
4583
2969
4446
7307
5709
4385
7727
8107
8277
8084
2849
183
4599
8336
7051
5649
7215
3840
3277
7404
8589
7878
4406
4473
5642
6827
4435
2509
2322
6078
5205
6084
7202
7688
5774
46
7566
6097
3319
567
2991
2731
6513
8149
2488
699
5830
3738
4228
8792
2475
5193
2014
8604
9397
8662
45
231
2964
9158
4841
643
5488
3526
3966
5971
2319
4855
4956
8980
4625
2406
2792
7685
8856
3786
1363
6067
3591
23
4437
2493
5893
4703
582
1383
5470
5176
3529
985
3575
9065
4821
5719
5868
4446
2417
9548
695
666
5051
6447
4975
3132
645
8808
1227
1371
268
9372
8241
1899
8902
531
8432
9553
8568
1835
7798
2467
5570
5030
879
6632
4536
9822
427
8991
6701
3880
1370
28
4574
2550
8582
429
8008
7591
9181
3035
3543
8009
8682
763
6396
815
1215
2116
5849
1677
2113
4955
173
6832
4496
9593
1319
1819
3458
3439
1784
7419
5163
1616
6026
7676
186
3500
7719
8869
6643
5406
9703
5695
5076
8235
1129
9379
4023
9306
13
704
867
2195
5308
5084
9679
2064
4549
4274
2180
3616
2661
9546
2670
9482
1890
1334
7839
7855
8084
5368
144
7368
6401
4529
6965
8591
6963
8612
619
9673
1831
3257
9104
7568
2597
9662
2447
4223
3287
7800
2935
8967
1913
8999
7240
2367
9723
2343
905
6312
3669
6307
2264
7934
9896
6148
6447
8154
7469
6759
5967
6868
764
2876
9036
2342
2827
7338
373
4908
145
817
9582
24
4966
2615
2764
8674
7929
1524
9436
508
7293
4601
8800
4419
1553
3659
5559
769
2731
5934
2568
1584
6528
5084
8795
7625
8066
9573
708
698
1463
4656
2540
5574
2882
1855
5022
5415
2288
3680
1339
6862
1424
3536
6891
8027
6144
1851
8721
4952
2689
5326
5161
9183
8806
2830
9888
3197
3262
1761
5792
3454
1836
1497
8279
7831
7311
8817
9603
3506
7891
8432
4700
1284
8083
8507
5118
555
9880
1831
1137
3347
5459
5484
7255
3784
8563
181
3425
1781
1732
6451
5934
2587
7524
9409
3089
4589
2979
7219
9854
5272
6295
216
6946
3616
1784
3646
5372
3094
9310
8404
2395
8453
6790
490
9541
2620
3851
4085
6800
7366
951
8016
5921
3893
8933
6572
16
1021
9633
151
7636
1132
3487
1034
1872
7303
53
2573
9529
5040
8182
6469
4131
1604
9900
5950
4855
6992
3569
2499
6451
4372
3306
6698
9822
5824
8321
845
8182
5067
5165
1043
3288
7426
1312
2125
7163
9741
7917
7676
7898
3085
580
1103
3708
3618
3755
5546
3138
1481
6538
3411
2012
3699
675
470
488
9616
1053
2985
936
9626
4556
457
3807
8959
7006
3907
6119
5958
5380
1759
5986
7938
7563
9366
332
2356
7126
7188
8345
2570
538
1048
2896
9494
8421
1801
5331
2394
3020
3443
7082
111
6336
7855
4827
7269
7948
384
7177
2037
9822
9978
2230
4674
6303
1197
7045
4653
3921
5023
9009
136
6532
5815
739
9282
7125
3989
5172
353
5251
2816
1872
5278
3935
1080
9875
5386
8175
6297
7635
8351
5023
9553
7689
9745
9206
9336
2461
4339
1472
9966
2637
1862
4621
5875
745
7515
6181
1472
2878
7754
4694
1283
3102
9643
1020
8103
3416
66
8347
1426
1530
7000
7820
8136
2111
3636
930
6572
8374
8152
3735
7175
113
7000
6248
4225
662
6949
8906
8876
5078
5047
4888
9937
5767
6602
9834
8258
1185
639
4643
5886
3473
2708
5031
3347
8317
990
9991
3773
4405
9633
5691
3789
3810
226
1659
3077
7710
6276
457
9455
7439
4574
110
2861
6545
7598
4352
4780
4303
3463
300
8930
4062
4278
7078
8390
2134
1795
6379
5246
2174
6322
5359
9971
9475
3080
3607
1714
9621
3691
6181
7676
3710
9171
9404
9340
2367
1053
191
3320
6216
9326
2426
2385
3828
451
2812
7077
4175
5575
96
4884
8261
9519
9719
1167
1833
5503
8211
6252
2558
367
8450
9430
9397
9160
4085
9522
1268
2873
9356
9884
8703
4694
5920
9360
646
911
1981
4676
4459
6639
6794
7874
3998
1003
8247
5412
1127
2250
1105
2056
575
1748
5556
6403
971
371
3246
2914
7589
2134
8908
6491
825
6741
1859
9474
2042
6974
7021
9367
5359
3150
1375
7661
1341
3131
355
102
5265
222
2502
633
58
2270
2863
1702
4289
5255
155
7632
7559
2938
1746
3689
1545
7742
2983
4764
7298
7556
6129
9395
6317
3736
9745
3064
9222
5075
5983
5577
6556
2557
389
9316
1124
3440
3192
6818
3021
1256
175
1537
2748
1303
4161
666
6916
9605
4463
8465
2707
4004
2955
8938
9724
6033
1252
7000
4092
5143
4559
4640
9451
8237
8036
4477
7778
752
1346
7277
8179
5931
1343
3305
6873
5666
6319
2210
2957
3183
6368
950
3794
899
4881
6161
4909
5470
93
5360
9189
9242
7928
529
8419
8322
5044
9287
3942
9488
4224
6778
6694
6739
2126
6203
3858
8767
5856
3396
264
5951
7886
174
9857
5845
6966
2684
4119
2466
1168
4789
7987
7185
4605
5535
9399
1470
956
9607
149
6533
4136
3677
1114
4628
770
2747
2075
8418
5350
54
9722
3529
1228
9406
901
6174
9886
9696
1323
9746
4785
8730
9083
673
578
6190
8812
2327
8750
2656
2579
5666
4989
5146
6580
2419
4525
1119
9976
2622
7511
9787
1014
9569
2831
6761
4178
5458
29
5615
8287
9952
4995
7908
2562
2763
4139
7218
2500
9312
8191
7335
6148
6157
5332
3541
6087
5219
7891
4344
6700
3448
8693
5127
2113
3132
4363
8244
8523
4228
4391
1215
9958
2434
2187
5431
6842
2550
2796
6767
8454
7037
6242
5567
1963
3896
623
4097
4919
9160
3321
3004
7981
4308
2838
6303
7918
4429
771
2723
7494
2393
8577
2642
5221
331
2013
790
3368
500
3274
2041
3235
9891
8396
9884
7886
3128
8708
4964
4313
2166
2819
4351
7837
6118
1165
6133
1761
4408
3804
409
4758
325
8654
8381
623
3312
5052
7669
960
6299
887
2693
4898
7669
593
9204
624
6129
8165
3025
7809
466
9301
3188
34
4034
8510
5486
6063
2
8922
5850
7342
2587
4353
3045
2297
4004
1741
7945
7062
1821
7417
2725
5012
7655
1108
6377
1060
5366
3512
6524
9666
2415
4258
2688
9102
6715
13
3566
7611
8622
2960
7387
2212
337
9776
8876
6134
6683
6275
7478
2174
3902
4707
9342
831
2526
1402
287
9231
9964
6928
6314
8672
2657
8831
5207
4646
8054
9855
6057
5642
208
9907
5456
9626
1769
5310
2200
1690
6825
9555
8351
363
484
3241
4772
4806
9164
7623
1483
774
9111
6705
1197
2127
2780
3887
5868
8047
8599
6823
8099
79
3932
2838
2892
3477
4072
9888
4876
6234
1027
5441
73
2147
4657
3615
7739
5054
6952
4847
5184
3835
8955
5184
10
8996
8533
6343
4131
6907
2274
9096
8641
9742
8807
318
564
2185
1538
9048
6107
6041
8860
1585
743
9672
6682
9337
8040
5066
6147
4677
5939
4755
8204
8687
3205
6755
7311
7067
4609
4607
8202
8568
5285
4364
6244
5311
1099
90
586
508
1147
9724
1320
5462
2846
624
9315
8060
6045
4367
82
45
7767
1634
9101
6948
2242
6462
5726
6911
4105
7726
2293
6394
3092
5756
6519
4909
1846
2108
2838
9183
351
5157
395
5796
1585
7261
2048
8602
31
6528
6762
4445
4321
3708
5220
4658
4709
8956
7447
6214
6832
5742
2293
3235
1170
4547
7189
811
4856
7123
6040
1604
5946
1147
6042
6481
2436
3236
2308
1945
5603
3665
5087
7287
3461
2389
979
4141
4546
1022
2189
3253
8682
5890
7886
37
7812
532
9056
622
7990
2883
6565
5201
1042
9984
6168
3183
8541
953
4628
8828
9291
7351
3187
991
7382
5408
3518
5817
6238
2570
2964
8863
618
9357
9798
7157
8828
8724
3151
3417
5747
5856
6240
3322
9994
7448
4025
8803
2718
4944
3124
3207
6140
2357
8684
1626
5273
1555
4411
2362
5867
8499
3664
9193
5588
9125
1231
2008
5376
1718
5251
2609
1220
7181
1567
5121
4662
5591
1314
5264
1211
3901
7480
3263
523
7760
4701
6556
4353
1473
5612
1605
9790
6030
7606
4631
910
5356
4543
3409
9442
9518
9666
6730
1420
6416
1860
6732
5546
9186
2342
9563
5577
7908
356
7190
7290
6283
7802
7529
7906
3389
2422
412
1116
382
3705
380
649
680
3208
7172
3544
2032
5967
7384
6432
8539
4372
813
2585
6029
5657
744
2779
9737
1003
7618
6159
5594
3448
7124
754
5036
5277
6373
2855
2264
8205
2397
651
8555
3358
1909
9716
5506
7678
2542
179
5107
8211
9274
9897
5371
9567
7482
2486
3104
9490
3509
1020
9602
7146
7938
9138
6851
4085
6947
1589
3711
5671
1326
3560
5866
9799
2553
7308
6085
5811
7824
4890
9613
8068
3430
8285
8320
541
6598
1630
4172
7005
5157
3303
886
8404
1479
7928
7588
5857
9802
6984
6680
2138
5442
4723
6153
5237
6802
3842
5439
3411
6772
9193
1579
4045
4629
7225
7441
902
9472
7110
9075
4192
8549
7683
7595
506
8854
8584
4180
295
8174
8998
9045
9162
4302
4449
3164
8461
8342
2668
4579
3057
3692
7891
9330
4800
9612
6385
897
3998
3852
2114
8327
2734
8234
3475
7828
4849
3060
9974
6583
7849
5396
8225
4301
1915
9510
7493
9767
8563
3927
5565
3254
9154
9965
1853
2438
5042
797
7561
4980
9610
2749
3287
5373
4972
7798
4861
4021
3804
1173
6308
5921
2092
3630
5823
6769
7362
8205
9716
2589
6219
5355
1320
4843
3992
8458
5930
139
4582
4142
3445
7535
1293
4135
7049
8505
2302
1550
7732
227
8271
9084
6041
1398
6323
1778
8338
5111
7170
8008
338
3780
2904
5430
2787
6823
8601
456
1454
2132
9842
6385
1274
7877
1259
8672
1227
4080
7832
9223
1595
5745
5391
6142
2471
377
6372
8403
2112
9587
5423
219
5826
4975
7039
9626
849
4973
8312
7051
542
759
568
7164
2490
6795
6376
2697
1250
4996
2542
6468
8232
4356
2014
5982
9906
9120
5745
3957
1643
4776
3774
6361
2904
1905
7252
5404
4166
6673
5818
6694
4846
1094
9005
4162
1754
4804
6985
2089
17
6825
5571
4729
814
3679
5507
9969
2351
1277
7919
9788
4009
3354
7746
5559
6969
9455
811
9921
1237
776
6242
862
1649
6071
4277
3128
6558
484
1553
434
1261
21
5308
1498
2481
1766
1247
2235
2338
5974
2865
9148
1709
3566
4943
9977
9624
7358
9047
7276
3780
8325
2404
2231
2524
5740
6516
4576
778
5312
4964
8889
3881
8139
5549
763
9973
8414
8408
160
9582
6477
9645
8634
6027
7751
7241
3666
4330
3632
5246
6864
9590
4444
8452
964
4866
1691
6205
9824
1410
6684
8054
5074
714
7423
1514
2081
2125
1130
4193
6451
5191
7639
3365
6216
838
1737
8533
4071
1043
5834
2354
6675
4959
2834
4630
3514
7752
9254
5029
7482
3019
4730
5500
6224
5571
1588
2822
6191
8015
1103
3646
5593
290
5560
1854
5116
6804
9881
6326
6124
4630
2880
3976
1337
4819
2379
415
2237
7026
9330
3824
2804
9015
976
6585
5976
121
7024
2551
2904
2670
1120
7923
2965
1955
1556
220
6969
1416
1098
9024
2516
9448
1974
1539
644
1366
7306
1491
9408
6594
1651
4738
2081
6875
4434
2562
942
799
2245
9727
2834
4190
9970
9077
7388
1805
1183
1603
6371
3206
5825
8823
9268
9452
5984
2985
10
4188
275
5092
168
4367
5901
5902
6245
6668
1299
8777
6197
7578
1544
8850
8560
9507
7720
5063
9042
7317
8253
3926
126
8978
9505
1232
8543
1895
7809
3036
2333
9817
4554
9192
7160
747
9683
5850
5877
6220
3975
5156
5282
3454
5469
4486
9767
6833
7606
1262
7162
4030
8626
7434
9631
6144
2415
4670
6635
6428
4383
3233
3683
769
4532
6402
454
4474
4347
9496
8243
5953
6403
502
872
8622
9144
2190
2281
1340
2449
460
409
8589
1698
3635
4440
8084
1550
9525
4602
1440
2940
2604
2975
8728
7205
4550
7396
7505
9544
9277
3733
3997
7770
692
4429
3614
4845
4381
5676
360
9308
9351
659
3621
7072
5973
9791
962
4258
2698
1504
1334
2462
3504
9237
9922
2816
4553
8566
8052
4573
3388
4446
9094
3473
2449
2994
9699
400
1608
178
4394
7979
658
8524
747
1634
5555
7191
862
2992
656
8402
2803
5623
5395
9225
9107
7417
9549
8257
5366
6832
7291
418
4846
4458
3713
6734
7425
4677
9826
6737
9524
4899
4610
3239
834
3690
9427
724
8732
43
6219
356
4746
3084
263
6144
8576
1876
9577
5641
9979
1507
556
7877
7035
1116
6072
9971
667
3488
8353
9100
7531
3591
5098
9688
9679
4813
4967
6426
8352
5160
6560
2842
9072
1121
2209
5197
2939
1862
6558
8578
8521
7435
6036
2427
527
2713
7307
8502
5045
5156
6663
1751
931
7004
8830
1685
4581
4976
3060
9262
5758
8681
4929
1703
5960
8763
8677
9299
4473
3459
4834
8111
6561
2444
7079
9800
5728
8805
589
6634
1029
3927
921
5399
5712
1669
9170
7792
9049
1861
1037
4930
9930
5669
9956
6576
2839
6507
1382
1624
4238
2334
120
197
633
9323
1656
6001
5313
2420
2850
629
7756
8443
8411
1838
5479
1175
8379
6109
8399
7121
872
8332
5752
2846
9613
2312
9585
8200
5241
1007
7279
6779
5076
4471
165
5993
4541
9609
1573
8043
1694
7272
7905
2533
4529
8258
1402
5925
6428
2546
778
1272
3367
2399
6476
9240
3566
2116
137
6245
5106
1485
4670
7135
2234
6603
2104
653
6392
2532
4050
430
3238
7914
9621
3898
2142
9158
8990
451
9977
8993
2734
6477
5839
7231
4811
7879
1277
568
2227
6454
5093
5636
7760
1661
5423
386
5591
298
5358
214
2235
3631
4845
6813
9503
5100
2567
6638
8904
8774
8870
3102
8320
6214
4036
2176
6215
6592
1053
5527
1636
1518
7606
9225
7370
1625
3142
7075
133
3396
4770
2995
8564
9093
7975
1174
1824
5984
4448
9374
5530
3665
2792
5263
7332
2694
121
230
1765
2567
6739
870
5504
1539
2936
9777
5310
4600
7604
9984
183
6638
3354
5167
5664
6657
9449
5624
3151
8522
605
778
6778
7737
5442
822
8029
4944
3268
5253
6874
8847
9010
8105
170
4935
7872
9967
738
6973
7611
6206
6049
4206
6936
6943
5653
1945
1062
3784
6158
9438
8194
9495
7162
2769
7928
6807
751
9114
2535
1506
7688
4460
5118
6116
1719
2767
2050
1431
8952
2909
3457
9136
8374
8406
6321
6821
38
2993
1266
4282
5057
1487
4130
967
1168
1933
6975
5655
6960
9430
6951
1536
1588
7426
667
2490
106
736
6018
557
5846
635
9306
9867
3546
3516
6665
9703
5319
5019
4257
9265
1181
3587
8418
3920
846
2018
3290
730
4577
2329
5175
8147
9011
582
3357
9327
3287
940
1635
5638
4798
3420
6648
2227
9026
9362
307
2568
1900
6350
8424
194
7462
8653
7206
3573
3690
3955
9213
9796
7001
295
477
8367
183
4748
2409
1577
1284
4968
6891
7892
5702
3283
2545
3851
6897
5405
3813
3196
1529
3403
8554
6945
7535
5696
3746
7754
4614
7125
5708
9336
8409
9813
1771
1496
614
9175
898
5258
3890
3096
7644
77
8064
3044
7992
3609
6397
785
8465
1992
3330
360
7403
1489
7516
2337
6505
2579
7528
9947
396
3179
856
9029
3494
1858
1362
8651
4717
3750
5624
4816
1899
5443
6370
2052
7553
3422
4663
402
2268
366
6731
729
5616
3127
2274
9813
5872
1028
6291
2617
4928
9265
2247
4939
6130
6578
5361
8573
5260
7491
8776
8179
1947
9692
3167
2006
5345
3489
1061
9668
8105
6820
1912
8049
1820
5463
5317
3934
5435
2850
3498
6948
4348
4365
701
285
6515
9003
6757
6800
5093
3619
2886
6007
8098
572
2522
4702
8635
2020
2427
7178
6110
7821
9981
9444
9315
6820
1416
2881
1854
192
9603
111
8501
6948
3308
6446
6908
7024
8068
6184
5708
7274
7735
8078
402
4117
4857
2577
9811
9323
940
9578
7725
3549
7022
3847
6585
6051
4608
7426
8237
7137
673
7503
4478
2457
5048
8625
1138
7175
4945
8346
9891
1774
9102
3022
896
5708
3087
9283
3950
8988
2925
8935
8443
6680
2335
5645
755
840
7984
6229
2715
5099
2968
6551
6651
5921
5638
1628
1401
9028
9567
6489
9840
1505
9936
9705
4784
598
3792
4134
2046
825
9457
5140
2236
3330
7029
4890
1220
1398
5340
2622
5805
1170
6972
7067
9504
7920
7466
753
6597
1721
2724
6506
5414
9111
4161
3861
4965
6550
512
9168
9977
7270
8717
5158
1140
2447
8562
2115
8928
306
1786
2688
7559
5032
2832
656
8050
458
3351
4918
7673
1739
7091
1840
841
2566
9668
1508
2676
6767
8547
3717
2995
4121
7444
9314
1814
7364
4699
7691
427
4096
3500
5905
7149
5186
5258
2201
5636
3618
7969
8669
2746
4575
6496
4752
5214
7600
4765
7483
2418
9527
9996
2664
3246
5796
4139
1594
7383
6740
5300
3223
3914
1923
4694
1668
7650
9269
5229
283
3802
5645
1117
3723
2877
4936
5566
2284
2248
3545
2049
1838
9344
8098
3953
2909
7424
347
8661
6995
1659
1314
2578
3834
48
5040
1837
8124
9740
4500
9405
2505
6009
2046
2623
1028
2083
9082
6179
3099
3019
5478
7492
2161
4597
4658
581
9993
140
1700
5335
7473
5942
7220
5543
4249
1122
3355
5076
798
4109
9523
6350
3400
5987
7306
9226
716
2611
7465
6178
894
1612
4363
601
2823
7683
5325
348
9279
7431
1633
7988
4936
3611
8878
217
3063
7698
6439
1520
3391
2794
1910
8564
6171
95
2661
6755
2583
6319
9497
2063
3292
8206
1612
2629
2982
3024
2949
3498
1892
5043
9942
3905
7308
4592
210
378
4456
5494
8921
5716
8369
1110
9633
9571
9974
4286
4850
3197
2441
6605
8623
6782
8118
7909
1644
4779
9617
4622
4544
7379
8731
1446
6104
8770
4464
9495
9909
4079
8097
4193
4788
101
7033
8503
4680
4111
7262
4966
4582
6381
4661
1167
6813
7843
5154
9605
7104
3648
2027
5714
1073
3196
4776
1972
1003
9706
6298
9861
5148
4349
6485
8392
2557
9127
6667
5407
6992
7852
9366
938
1253
8774
9649
713
9369
8642
9875
8915
4779
5719
7850
6543
6460
1431
8768
1327
6515
3773
5116
8205
2042
9302
5896
478
7464
5933
9867
4435
6892
5743
4034
5582
9395
541
1023
2033
4550
8351
3598
7394
531
8277
3104
5354
7893
9401
342
2653
2323
1856
300
5925
2675
912
303
1863
6281
2828
9068
7703
9600
5290
2151
2838
7603
7957
565
1721
9048
1374
6438
9494
1273
5597
6594
9272
1953
7606
9023
6833
1664
711
6348
9119
2523
9661
7006
5463
227
4311
3380
2942
6480
8482
9928
8823
2025
899
8277
1446
2755
5363
4912
6835
2324
6148
7396
5690
19
2674
6078
9168
7821
9589
4001
7936
7270
2323
9831
2755
4027
9186
6022
6701
9312
2283
7578
84
6795
2170
2100
1164
3963
5154
5055
1742
982
7902
6698
6263
446
3569
9991
5484
496
3135
288
4524
9897
213
7697
8430
4820
2770
9477
8088
8468
1417
3584
1953
5371
4015
3558
3871
213
8911
1127
6586
3588
9933
6376
6930
2856
2760
7631
8315
3867
6968
7179
3686
8102
8678
6957
1516
8291
7931
8551
6899
4241
7025
5327
835
2605
5526
3999
1954
2275
190
1597
2267
3281
8616
4626
414
9060
521
794
625
1698
6021
3511
3091
3891
7196
2081
449
2764
3648
4782
7826
9241
7477
6250
3885
2999
3714
419
490
5675
2212
2596
614
2306
1041
9276
3952
8935
5145
4794
6080
4266
5561
2936
3352
7955
4218
9040
6370
4035
7814
6063
2568
3954
9786
5733
8035
5211
1703
6470
379
6160
4403
417
6046
6779
9260
9914
9484
99
4397
7029
398
7735
2137
5137
7782
810
5332
9727
2258
3835
256
3966
7211
6191
3989
5509
3706
3709
9770
5628
9369
8246
4800
1479
4679
9520
9999
4175
4485
781
6647
2047
8414
764
2744
8488
2852
6844
7245
161
5701
1609
8243
3439
4669
1812
7176
7021
5156
2083
7151
4264
4552
9474
4719
4170
9173
6420
1659
1777
7969
8378
1373
363
3988
4511
3915
8672
9253
1597
4011
8651
4800
7216
323
5878
7938
7462
3337
738
1879
8895
217
8640
5707
5030
1989
9791
2781
3580
2086
8242
3602
125
3793
2717
5637
3505
4437
4284
3660
66
1905
5984
1350
2485
1826
2551
6656
4695
10
1815
2039
8037
2493
8022
7287
1736
8340
89
9954
555
9156
5559
2461
3242
9001
7258
7828
3577
6235
2865
3822
6350
67
164
1627
3564
8583
3286
2441
5181
6289
3248
1542
3387
8206
2928
5712
1450
9826
1069
8168
6390
360
8757
8310
8949
9287
3109
9637
6057
641
4852
1631
1749
6277
4940
8227
2248
8772
8342
2274
5402
3040
8082
2458
4306
6736
1936
26
9378
1393
686
9828
1633
1447
3054
8992
8659
6369
7682
9197
2678
122
2551
4114
8667
2139
2876
323
1630
4749
9885
655
7028
7181
8160
8822
3697
3433
6459
440
5315
22
2000
7145
4079
532
8823
7520
6870
3161
1318
5503
1347
9994
4207
2285
9316
9625
2214
7678
6258
311
7709
5076
5022
1002
6527
8143
7706
7674
9621
8479
7090
134
8200
9931
5093
3028
3476
7514
6116
4229
5668
2367
4373
6406
5920
9794
2932
2563
3824
7672
7559
6982
7276
9588
2237
5421
1778
3127
3522
4474
2962
3252
4369
8499
7801
2718
9527
2986
7512
9282
2255
7416
7649
4193
4864
9842
6766
8630
7919
7725
5454
678
5410
3981
3756
8853
9043
169
7005
3572
7885
5211
8198
6488
2646
483
7128
3847
4584
8907
8313
3772
2893
4277
5248
378
2871
7601
1773
1788
5082
6267
658
9259
4279
8977
2034
3801
389
1553
4341
4826
974
3793
2341
1010
5827
6729
4728
233
4861
9482
6458
5403
6833
4402
1606
3293
5119
7207
9985
7450
4024
9233
5987
6667
2681
9813
4610
5332
600
6219
3149
6411
7370
1825
8691
7140
8190
7528
5901
8696
7274
2172
2366
1956
6784
9346
6486
7598
9068
682
2141
4850
5229
9891
9186
9162
9917
1613
3568
3964
2895
2474
170
6413
6852
6494
7539
6067
9402
9398
6332
4729
6754
7941
9115
5915
6748
7880
5076
2321
5969
6091
7095
8009
7069
2837
2837
4925
711
4735
448
9267
1118
3970
7903
483
641
3949
8283
5747
667
6758
6777
7007
3594
2472
6643
1108
3483
8026
6885
1435
9203
4432
3249
5491
2140
8043
6432
4087
9834
5516
8422
5518
9961
3783
4944
8370
53
8914
301
1048
422
4747
5094
2862
6150
2729
1883
6339
1823
8635
6556
8143
5254
269
5217
1923
8526
858
9286
5228
171
2347
7782
8769
3620
3420
3618
9788
596
7088
5246
5494
4797
2683
1097
1386
8841
7165
1352
539
2190
8575
2894
4961
4429
5813
6313
7183
7688
8708
3659
3120
2398
3581
2787
5536
1188
7767
1320
3095
369
3787
9859
896
214
2297
4150
8440
2680
2216
4252
449
3851
8298
4397
3862
4349
2413
2622
6521
6333
110
6004
8344
5526
4553
1011
7631
2364
1307
1175
5190
7553
9016
6670
8587
3572
3785
3712
6459
7574
685
3324
7113
1179
5360
1248
8561
3994
9129
2084
7414
2209
8620
3012
5447
7304
1713
5800
9425
6127
7580
4386
3406
311
9723
2404
8539
1866
5006
9803
8055
9865
7232
2684
5719
5792
3141
3673
1462
3223
5068
5967
58
3880
8147
9439
9330
9815
5993
7592
3963
2563
8974
2846
9314
4840
3895
2505
83
5759
126
7356
4416
6099
3047
7999
9790
5216
9053
5948
8969
6633
8810
2659
1064
7126
6853
602
1931
1417
7766
229
1505
3995
2453
862
182
4200
4545
6065
7817
9732
588
4134
3851
2168
3155
6235
8723
1069
4188
5837
767
8164
1592
4788
8790
9919
536
6777
2680
5760
9259
6004
8806
6444
4805
534
462
3274
2828
527
4511
9982
124
5245
7835
3149
6442
4211
7786
6605
4086
9665
9099
6523
8521
8662
6582
5784
2014
7678
1948
1616
2221
9481
6240
2408
4642
1915
2687
6404
237
9497
2858
4306
4674
4870
5445
1206
3840
6730
9703
3651
4719
1068
6610
4067
5314
7852
5772
6675
8925
9792
8268
1550
208
1800
9297
9253
8512
1280
284
3031
6151
4914
7870
531
9170
7285
699
6087
984
7990
5998
7139
1483
7953
7014
5551
4007
9228
3886
1542
4007
4592
4907
4222
6247
9173
9694
6213
9172
9593
6153
5898
4463
5037
3646
5316
7472
4284
4643
35
8231
8089
4386
3633
3150
7860
5965
4933
9595
8536
7055
1572
5554
2452
2909
5540
5942
3748
43
7134
800
1915
3162
2783
280
1263
2432
427
9040
834
7632
7055
1361
4584
520
962
2732
586
9466
1095
2131
2901
1426
8545
3056
7439
4438
5203
7842
1368
7179
7107
6249
4169
2164
4442
983
9117
1814
6668
3350
4536
951
7534
6120
7383
9428
8328
9530
9078
3297
7977
3266
296
2300
7985
439
6726
827
4800
4655
1703
4467
8616
9475
40
7466
1505
7359
6057
564
5417
4694
5092
2154
1813
6163
4090
7658
1993
4442
6780
2695
5520
9196
8499
6848
9881
585
3852
7151
3182
4432
5268
8296
9698
8242
6043
6177
3910
7461
3592
1680
6760
2964
9337
6223
4520
228
5045
5117
8728
241
5137
5871
416
8055
3867
8212
4331
4060
2822
9750
690
8138
1874
8011
7955
8235
9559
7707
4846
285
5262
7709
3451
7397
2748
5850
9611
959
7996
6675
6729
3091
1064
2253
381
52
5940
2234
173
883
8759
404
7824
9888
566
995
8481
7568
8559
1614
2636
538
1631
5982
664
6427
1936
3885
6305
3785
5987
6286
1472
5509
8230
8214
4586
1257
9970
9223
290
17
5875
4142
4652
8039
8277
3058
8447
9062
3479
6669
7941
2288
4799
8024
498
4155
8074
1278
191
4854
2174
3458
2674
7865
1134
3869
7740
9050
824
5647
30
2044
6463
1127
4665
7186
8081
3854
1137
82
788
973
7276
868
9921
6975
5101
9145
4141
1760
1576
6201
7040
7781
4433
3093
5572
1958
5606
7691
2924
4502
2181
8599
3550
4883
2075
9254
7119
2201
9355
2022
4921
3985
5367
1082
1787
2838
3613
3610
9453
8376
3601
5382
9711
4969
3779
7227
8381
4149
4301
8270
3441
2783
2348
406
2821
2711
9912
2662
6819
1959
33
9256
4875
797
9224
4485
3680
5746
9607
3984
2479
2169
7598
6115
8957
8963
3211
8560
9916
4831
85
8778
586
4112
1013
1261
3607
8918
9794
6119
7376
1342
1047
7594
7149
1845
1187
7562
1427
9880
5869
4592
7414
4599
914
4193
7487
9319
1645
4521
2982
3271
97
3953
4221
4811
1286
4128
6440
3764
4270
9549
8188
4656
7346
5042
8883
4733
9102
2492
9737
6089
629
8111
9863
6582
6450
7126
7562
1001
8541
4457
1918
3265
2903
4439
6140
4196
1570
2370
2381
9813
9071
7755
8762
6546
8341
5586
3698
4458
9915
831
2775
844
7602
5599
869
4090
7618
5526
960
285
2783
9075
8953
4802
8904
6545
7276
81
5805
6745
3497
5886
8746
5941
3949
9608
8388
4464
1373
5615
5950
9657
3375
8340
5464
5094
9108
1192
4757
4436
9334
6838
8264
509
3418
8620
5979
8595
801
4964
395
104
529
5586
6803
6896
4123
9910
7459
8350
3881
8417
9196
2379
150
692
9515
5174
9673
3299
7104
8309
7024
2729
7051
1737
7413
4677
2402
4368
2271
147
1408
6227
9000
3429
8413
8272
7782
1423
6790
4066
6073
5875
841
4044
4176
7777
6288
9925
9128
2448
3511
4156
7089
3962
9259
6509
6095
5265
7697
9228
3786
1343
9409
4478
1570
4732
3853
6120
2884
1881
5665
1519
6497
1145
2601
9278
5329
6911
6697
1445
5395
81
2237
5518
6975
3532
2270
2396
4411
2034
7006
5484
2486
5055
1856
3997
9780
4858
6391
2044
471
5782
9529
2328
982
5095
2351
3909
6445
4881
9564
4828
2976
5388
567
4607
9277
7957
7591
6105
1165
2270
3499
1124
4951
1846
4899
1013
7570
2227
9966
386
6212
715
7345
3635
5403
4033
6016
9238
8887
6173
8956
8796
9347
9381
2425
8098
4846
2487
715
5578
1418
8121
4317
1431
4864
6727
6381
7576
7582
3387
8615
6187
5999
7995
8524
3939
2165
1308
3887
6324
533
3669
6493
571
2223
3710
2294
9211
1944
4391
8620
6098
2566
2373
6311
1402
2119
1047
6482
4235
3150
3735
6630
493
6748
3915
2752
3180
455
2715
370
2932
5161
8126
9363
9228
7880
509
5251
6143
8541
457
2032
6021
9571
5304
8014
6320
8958
6890
4982
5074
9286
2058
5870
1964
4910
2608
5729
4033
4677
9427
42
6842
8729
1067
8706
7746
467
1685
7892
1377
3506
5136
9913
2871
2119
1845
7894
5022
4603
275
8862
1281
297
728
9220
8395
9243
6812
5921
4616
7604
134
6206
8169
823
5634
7359
5443
9539
9115
8076
998
9996
9394
3309
5275
6454
2400
4242
6855
9744
6872
1116
605
9115
661
4972
3743
5878
4723
3717
4292
2647
1658
2096
9941
7464
4373
5132
3554
3180
1585
8272
5698
9485
2897
2239
5399
3603
2222
4871
7552
4114
5563
9910
5464
9601
8278
7225
6939
3058
3931
642
6297
2611
1475
5525
2147
3552
9577
1823
9443
3939
1821
3252
4616
4490
2322
6532
8158
6754
9970
8568
3388
8389
6417
703
2359
7038
9934
7216
5140
1829
9542
8139
1707
4859
6003
2544
2279
8675
7858
5867
7610
8459
6482
5851
877
8150
3944
3358
7156
9736
4704
6363
2496
8349
1918
3307
1695
534
5650
1732
1598
3681
345
196
8334
2964
7168
886
8404
7845
2676
3300
4730
8985
9077
730
3476
2631
585
5058
6589
1816
3004
7250
6224
2302
8949
6510
3490
2798
3956
3147
4316
1451
2808
945
2854
8417
4717
6075
4143
7482
2050
5327
4201
2336
4905
6196
4642
6144
1767
2725
4461
2663
6411
8193
8590
2780
1339
4796
2693
8169
4154
3014
2034
7048
8519
2454
5975
5174
1406
19
3595
3622
7873
654
8490
629
5266
3215
714
4197
6599
8314
7048
4696
3456
5070
1201
8667
9508
874
5661
7084
8871
5532
5589
7146
3113
9255
9077
1560
7464
5921
1693
7133
2165
9015
6273
1355
52
1405
5792
3241
3389
5221
9394
3583
2959
6938
3547
7006
7972
6651
1772
682
3088
9839
4713
9238
3235
6841
9300
3114
3454
1209
9912
9394
5874
5116
6562
966
1492
6002
9034
6530
9276
90
3408
5313
2861
316
9712
1723
6303
8258
4456
904
9816
6900
7505
2943
4985
4063
7048
1040
3364
5713
7537
3099
9212
6483
4913
2411
1685
3571
5402
7090
1194
4029
3620
9649
7485
4070
2230
132
7000
3045
867
5193
4947
9695
3585
2619
1215
9501
6534
6191
5151
4331
3691
9050
1702
655
1090
765
5755
436
6548
4670
7657
1411
3507
36
3171
1613
6926
9071
5061
8855
7459
465
6053
7043
1678
9693
4904
6327
368
2171
5969
1308
9387
6196
6597
2756
7049
8096
7162
7289
685
5210
5662
782
6641
5421
7747
69
1278
7998
3512
4461
8666
7093
2243
868
3580
72
6922
3841
3803
2214
7697
1703
7764
2254
9469
663
2731
2089
7559
2741
5160
2522
2748
7956
4754
5825
5666
7553
1866
6182
9701
7561
8782
9320
1488
6024
1742
3858
5271
1151
1947
7078
4432
8113
6923
266
9410
410
5818
7420
6101
7645
6266
7906
4425
6616
635
7938
6035
2150
6405
3211
4034
6769
6946
6767
7248
2737
4057
6605
4948
230
3925
9279
2868
6350
7428
9405
4407
3795
7419
3595
728
5652
6343
4806
4743
4750
1582
823
9962
2519
3812
5473
9329
1159
2617
9533
8919
2564
5904
63
4948
8408
1899
8468
2063
6497
6866
1707
145
1749
8194
8381
5941
895
6226
6682
6827
5898
5936
1761
5388
3849
6138
2316
4519
6513
9577
1686
1578
7780
8584
6346
349
2955
8802
4921
1496
1039
25
2103
6756
3428
2163
5795
9967
7314
2287
6401
3033
9873
8278
5734
9340
9088
2316
8992
5320
5474
4997
1999
1436
8870
5828
6179
9649
6034
927
1459
7568
9180
718
8983
8868
1076
6371
2403
7482
4288
707
3441
5749
2757
4050
1402
4974
1872
2701
3056
1944
9935
6097
6715
3169
2750
5753
6798
965
4449
5572
3477
2045
5659
2741
1694
7380
729
9172
6417
9018
7438
2562
2477
3490
5564
153
6240
3334
9324
3666
8370
1082
2618
9169
1327
5790
4496
1018
4047
2413
2477
5447
5524
3538
7521
5313
3039
3466
5864
8971
7791
4980
8560
6271
5320
8453
1225
5904
3596
9897
9257
3934
5256
8580
9256
2536
2622
1334
4399
6188
2250
2412
424
2586
7059
7267
8081
3063
7904
776
3235
7933
7492
2699
3434
5327
9655
5714
2000
9961
6195
8538
1706
6374
5688
5432
5374
5532
9740
5613
2991
1411
5571
4055
7224
4563
2742
7749
6145
5082
4979
2579
3552
604
5041
9043
9583
7029
5710
1181
5349
8442
6968
9341
4996
7886
5316
5418
6239
7760
7262
8263
7878
1537
3501
3987
2271
1028
8386
2715
2419
9343
2861
6159
2450
8461
1596
8769
9331
2981
7026
8489
3740
7238
927
3014
4251
3929
6193
1472
8031
3432
2839
5673
6646
7101
5134
3585
1427
9843
6026
5241
235
1721
1954
4031
1837
2197
6713
6664
9036
4933
6325
6412
7514
2000
8013
4554
1730
4667
8915
1916
4754
8824
2268
502
4292
6953
7560
4536
4023
6370
9939
755
5358
9437
8855
5000
6949
2502
763
2604
6444
3446
3723
2504
8978
2078
4149
8924
8670
6697
990
8147
9068
8324
4512
6914
4963
7354
2113
4123
2143
8583
144
1438
9152
3694
6670
8638
4591
7782
3622
2289
9639
975
4634
2801
1319
1426
700
7873
9891
5575
7334
1241
4402
8192
3351
1330
7272
963
4731
1133
9280
3573
7669
2669
8949
2145
9579
6645
9101
9415
4542
8188
467
2226
8117
333
9695
2530
6597
1467
7204
6504
3343
8242
983
7152
1686
9833
4871
6744
2411
7027
2892
815
2711
9700
9200
8665
5092
4113
9381
1247
5593
4272
3186
9059
5872
6159
781
3521
5221
7120
9110
5009
4685
9138
4910
1864
7872
2171
8707
718
2837
6769
4585
8603
8329
7192
9702
1323
2428
7669
9994
2033
744
4609
4904
4439
8030
986
4502
5731
303
3331
365
5765
484
1756
2093
3820
8362
4044
3729
5865
1853
9514
6074
876
7856
9916
8250
1178
3190
1638
1568
352
417
2228
299
9969
3237
7555
2332
3499
5767
1865
1357
472
9703
9109
4279
4769
6967
5985
1733
6396
599
5316
7235
4518
543
6324
8610
91
3448
264
4331
2482
4375
6172
8109
6134
1879
1709
6965
3471
5410
2757
1945
4832
1740
2897
8193
7209
3132
5245
2306
2124
2247
2497
9944
3404
922
6932
6560
1378
116
2415
8239
2602
79
9901
1106
7066
9017
8830
1251
6146
163
9643
5109
2670
4805
5811
413
2473
8587
9556
9101
7324
6513
3878
5885
3860
1126
6513
2072
7586
9568
7886
8945
8923
4796
1531
3120
2608
4239
8008
268
7864
735
1567
3174
2009
4871
1761
2528
1173
3147
2138
7721
7681
248
3670
8263
4033
6663
7326
4159
4639
5006
651
4947
6491
9650
7995
9657
7484
7438
2528
1843
4101
409
1334
3968
3682
6054
8541
2975
290
1453
6820
9884
5502
4866
4983
1128
7511
1631
7231
89
6878
8083
1000
1403
1437
1894
4816
9233
4243
9752
9034
7373
1437
7941
5058
4023
16
6966
4908
5629
3570
1704
7925
9192
8424
5249
1643
8150
4506
228
6952
5385
6579
5507
9226
4300
6501
3580
4270
5469
6953
3137
9226
3932
2596
6840
7322
5358
8885
6747
3617
5902
9514
1677
5810
1425
8147
3739
5223
5220
6206
8378
1278
7253
2609
2594
9956
3050
4231
7766
8345
2721
5841
8751
4019
4789
9214
9333
3743
1066
6885
713
1570
4406
8895
2146
7165
5500
6433
3714
5439
742
9655
20
1300
5262
6269
8292
8972
1689
6167
9114
902
4241
5520
4901
5643
3917
4159
5905
2935
959
597
6500
2401
2842
9171
5834
972
8813
9257
3787
2103
2593
8377
7990
3295
3579
3434
7021
7972
1198
4168
2956
1928
4816
6857
2870
2196
9031
9691
7503
5877
6016
600
8064
643
9212
2779
1866
7330
2568
9021
650
450
1687
3528
5909
401
6798
8605
2112
1697
3947
4896
8879
4644
4051
7841
1368
6498
8503
4230
8035
2781
882
883
8416
4684
674
556
4005
6532
5008
465
8883
2613
5053
5384
196
6480
4620
9721
4179
4070
4934
8450
1719
8348
6957
5387
7085
3755
449
500
7650
4676
8121
6410
4682
3184
8415
6456
736
6549
42
1130
3066
8820
7272
2653
6615
9119
2840
9347
2840
2105
5954
4626
2601
1414
9652
7084
7531
1745
1225
4041
2655
6124
7688
4320
8240
5698
3943
9861
5486
633
249
3484
5907
5555
8715
1180
2483
9283
1415
1342
7157
6940
83
501
7384
9893
6009
6583
1732
8889
1508
393
1759
3612
5460
5050
5432
3111
4574
9430
5987
6980
6099
6202
4209
7221
4042
1287
9756
6591
605
3775
2940
7236
3821
3053
6921
990
2259
689
9565
6599
9892
5353
4229
2229
9680
5323
3348
9571
2088
9006
1892
8635
6841
7241
5322
5584
2777
3827
6484
5703
1485
3673
9714
3349
1300
3935
4847
9315
3220
9278
4490
5983
559
4843
3685
4509
5521
9175
649
586
5305
4003
7060
1681
5858
8636
9664
6
8509
148
7393
9279
6300
4497
9147
3859
1565
8463
7054
8010
8497
4208
1263
597
4808
7860
6388
5671
7691
9092
7243
3568
4758
4679
103
4618
4848
4984
9145
2764
4632
9823
9047
8396
606
5323
1243
9233
2507
273
8699
4535
9373
9054
7872
4364
3827
3496
5157
4663
1026
2467
8862
9944
6818
592
7714
7914
8008
7296
1655
6917
480
7958
5209
5889
7830
1930
9302
7845
577
3849
3017
1196
126
7130
7985
1209
3572
8460
4269
2561
4665
8059
502
7015
9921
5585
841
5558
5053
8649
6991
8439
7768
8254
2203
8098
5625
8658
6288
4529
1749
1083
7549
7775
1925
4808
6677
8784
2768
7602
4447
2170
5029
1533
2183
6785
2007
430
9999
4081
2340
4390
3317
5364
6356
1180
8930
1299
5707
3928
3613
7977
6363
1804
410
4291
3865
8541
4914
260
3833
7775
6943
5925
8857
64
8852
1018
1944
4122
7080
9119
1073
3196
461
1201
7752
4242
9713
5721
4415
6656
7680
1491
6165
8462
9380
9389
220
6349
2714
347
7877
8344
5138
407
6810
4134
4499
3141
4872
8235
7240
6613
9959
7150
7531
