8915
5025
3144
9475
6747
823
8836
411
5434
8258
7868
1365
3782
3346
6947
5147
2544
2402
4152
8158
4038
6222
6965
3367
6936
7474
1662
8312
4999
2976
8665
1396
4025
7885
8541
5527
7530
2265
2626
8723
5148
3034
8760
9497
5055
6180
7412
9648
5099
8663
4373
7253
5034
3060
5
3728
403
7453
7019
1086
4849
7033
2989
5232
7250
9360
5058
6112
1627
9641
4901
1835
9401
2174
3510
815
1362
4792
7419
7170
9850
5357
5060
4540
3538
9218
7196
371
5818
6942
3259
561
1783
2702
6105
4852
368
7438
444
5809
546
474
9282
4886
3604
5201
218
9691
948
8563
9197
548
3856
3399
5786
9206
5041
5068
9471
2675
5378
7002
3572
916
5822
755
4017
3746
5815
3355
9519
6880
8115
5217
2060
5897
5873
2281
4312
6161
2730
4008
3069
2571
50
907
2827
5815
93
9652
8785
6709
6286
2179
9016
619
3019
2061
6777
7966
1340
2155
7871
1424
4739
9073
4103
9511
4005
5065
8404
5110
918
763
6255
7962
3539
3116
1339
9395
137
6161
9094
1693
1891
5710
1068
4058
272
4095
9750
5758
6371
5601
8096
9254
7444
5566
2839
2517
1508
2580
2033
4797
5614
6721
9223
6182
5384
3805
6525
7151
7353
5588
8579
1726
6308
671
4708
9781
8915
8333
8619
9859
1103
6563
3925
3428
6859
4877
4641
5415
5457
8576
2868
3978
4708
7790
4938
1331
3397
8980
4423
4973
9504
4195
4683
957
1782
7145
9667
6353
3094
604
7388
6884
2837
3043
2307
6096
9037
4865
3512
5760
8817
2143
4017
1073
4334
2340
9179
9221
4876
2051
5195
6243
676
4562
8514
2382
605
3586
3855
1296
575
5024
4718
3827
8680
7207
7022
5517
3260
6863
8416
6869
9175
2502
2108
38
4398
7449
2942
3311
3796
5056
4413
8948
1480
9619
4892
3604
588
8653
6826
232
5632
9004
6900
9893
3613
529
250
9742
3758
4154
7854
1690
56
4361
6760
173
5370
1713
8615
3349
3439
2189
3075
500
3392
2045
1630
6228
503
2781
6377
8284
1535
8324
7282
46
1271
6646
8378
9850
1173
6982
7541
2162
7831
2844
8123
2635
964
1743
939
3821
8081
3839
8303
8295
9856
3921
7291
8690
9203
5640
1407
1680
782
7740
5980
4689
3867
5738
1299
6866
5110
5784
4521
2802
9321
2643
5927
882
7618
2279
7277
5785
6479
2122
7511
545
4092
8117
2647
5298
5524
6016
3570
3384
5619
6249
8871
4723
7404
7553
6761
4731
1846
2707
5198
2478
7697
4978
4593
5944
3511
5646
5250
2430
1693
2450
5820
5687
5688
6285
2503
3303
5517
9483
6820
4456
9137
6943
5798
6504
4271
9615
1856
5194
1480
3244
8985
5945
1908
541
7276
9392
6134
2119
9804
591
8126
5531
597
171
3768
4108
1214
2661
5058
1195
4938
261
299
4225
1837
9219
4775
3128
8748
4017
3647
2374
9389
744
5221
247
5022
6414
6709
3974
1297
6929
6791
6345
7477
5779
3536
9398
5744
6402
600
933
6952
1586
5911
8451
5889
3241
1465
4063
2816
8438
1985
9190
8142
3039
5529
9270
265
6726
7735
5168
5588
4664
8603
7327
5263
8962
3045
9328
5249
3680
9075
7053
2289
8723
4616
8746
5029
8189
2520
7482
4353
6620
9728
2254
3937
3281
1939
8876
34
5581
5503
6457
3514
3895
4143
2867
5160
7820
1449
6045
5494
4515
5814
6199
8427
7756
674
9593
5373
4548
4969
556
4307
8487
5954
8037
5961
9059
4200
6959
3501
6133
3043
3444
9542
9091
2390
2727
7796
4885
6673
4945
9666
9792
1622
2871
2856
8049
2473
3844
3165
8770
9936
6120
9114
3148
250
3724
4058
7769
1932
2849
8285
9332
4374
69
6156
5440
388
3953
7414
6466
2673
7681
3209
6587
2582
288
3773
870
7984
448
3322
6395
5824
1411
9577
269
4252
2170
1672
934
338
7047
1111
5037
8380
3136
5664
9665
6479
8995
2100
629
4349
1600
2352
4296
6059
40
2510
1231
2381
4816
7255
546
8813
7202
7894
4528
7275
5808
5544
4831
3966
6181
2752
6196
3865
7818
3143
4299
8105
1506
96
4452
170
6499
1113
554
5912
449
9150
4385
3411
3097
9096
2908
733
2119
1555
6712
8685
5412
9949
5464
1414
5711
5433
605
4225
3255
1396
9122
5894
9986
4991
5314
7034
9693
6602
2550
5794
7249
2594
9183
3526
4622
4850
1964
8449
6551
6085
6009
3413
521
9451
9716
9963
1385
2649
1133
728
3721
9755
3353
1371
3815
7941
6995
3794
6643
2791
8128
9645
6746
5694
7037
586
8947
8999
9127
4415
9846
4911
1783
3399
8356
1862
4632
6579
9383
8851
4470
7986
8007
304
3125
6475
661
2277
8875
535
8824
8930
7691
9580
225
4838
3151
9091
6733
4045
3073
2507
8040
647
2886
1239
3592
5811
3815
3426
7917
6954
9294
6275
706
9832
1594
4827
8160
4340
6286
2987
7280
6449
7788
9907
27
2718
1593
8101
3328
5736
4669
9224
3936
799
3626
2457
7306
9589
9943
5147
6702
2899
3768
3343
1856
8262
4331
6687
619
6694
2081
5412
8016
7784
7254
423
1450
5545
4400
1444
654
8394
9168
5035
420
9484
9160
1873
684
1905
1818
7027
1408
7202
7992
6586
8357
3758
2765
122
4460
2031
1366
9428
4699
6393
8687
9484
2563
9932
1814
4740
9229
1481
62
5543
9894
8034
9427
2115
6837
6489
2132
7741
4213
5450
2146
3080
7379
3365
6547
464
9622
4995
9091
8737
4277
8714
9768
1765
6313
5035
3857
4586
8353
9897
9947
913
5884
9844
8735
5411
9127
6035
2346
9214
9346
1072
8634
7149
3457
8430
8562
9622
7948
7397
8091
6957
5315
6350
9928
6742
2306
9770
3028
88
4669
7276
7770
6060
8056
1415
9424
7525
3270
5394
3808
6601
3788
3529
3572
2957
256
1229
4270
1792
9299
411
6466
7710
5593
6681
9553
8212
2769
5421
5507
2915
8901
6680
383
6397
480
3039
9418
6733
2182
8571
5994
2675
5781
8774
3221
3949
1446
7062
6395
9153
3696
4743
2589
3350
8777
880
4536
4531
2650
7783
4562
8751
14
7920
9408
1640
6694
8384
9137
5887
940
7809
987
9504
146
9614
8816
8127
9895
6734
3132
6542
7669
2381
6734
1355
362
6694
9728
9894
3904
7405
3269
1856
9435
4168
767
8688
6383
9262
2426
6815
8140
3768
1432
7363
2471
8452
2697
56
7846
2744
3462
6234
3815
7955
6699
2064
4557
6879
9615
3634
2152
5843
8497
6443
3521
4133
3056
7289
6975
3756
8727
5921
9256
7668
1076
6352
9160
3451
132
3420
9895
4792
7740
9818
5498
3675
8278
2312
4920
639
3302
2314
8471
5292
7976
9394
1619
938
8585
3704
3194
4128
3614
4009
2759
5466
3380
9836
4472
1688
3381
2064
1534
4659
4580
2881
4754
5658
7845
8537
5934
8699
2140
8083
2479
1662
3920
4266
7781
8331
1484
6336
6132
5372
4338
4604
794
4124
1772
459
6253
2063
9568
1590
5904
2027
2063
6916
1698
8292
7083
7654
7508
9750
6243
2528
7989
7371
5260
8520
1724
6300
1197
5719
8384
1668
9271
1772
1943
3441
3375
8112
9466
7091
4442
8500
8001
2519
2548
8374
5376
2813
764
6467
3949
9588
944
9494
2653
7464
5616
8382
3435
8610
3042
926
596
3486
8465
5758
7474
1722
7218
1423
9362
7034
5478
828
8852
6664
853
7900
6927
280
8445
5203
3150
5146
2150
1640
4635
4633
2465
9650
4326
5152
3197
5067
3123
5404
8357
2583
7901
5389
1321
6477
9754
3030
4392
6324
3501
5556
5095
9289
2434
6875
144
524
6730
8635
3386
5963
8819
3089
9329
2470
1090
5402
5362
2482
48
9059
9350
5913
1295
5005
8728
1886
9975
3516
9940
2126
9089
6622
7389
1330
8095
3592
5947
769
3909
4699
8096
5634
2745
2982
2006
7600
5155
9269
1846
6902
9136
9511
119
2089
8105
5230
9842
6629
1531
1280
2958
5632
1075
4186
8012
4090
7768
5683
6881
7158
8100
7678
107
3762
6672
138
1330
3810
4972
1876
1725
8620
9672
2268
4110
124
5169
1333
4523
471
7915
4869
5210
1324
6983
5692
5784
9718
3794
8130
6886
4399
1947
4585
1120
8751
8654
946
2811
418
4721
3035
4379
1671
8122
7254
5326
4852
8811
6788
3193
7143
5995
9696
9533
8920
5586
3529
1092
3226
1953
2743
6190
896
3196
79
3523
3468
6693
1489
9972
8386
4902
5119
4691
2732
6027
3560
4555
2359
889
3794
9582
3882
4207
6197
3913
5590
8888
756
3254
1433
4281
3191
8477
8493
9837
7972
4007
6957
3083
2893
9154
888
7584
6562
7146
2862
431
199
7594
9367
3010
2160
5198
4547
4091
1336
8628
4908
7915
5137
9567
7304
2382
7878
2984
8858
2546
4861
8865
3480
9346
5384
9911
7975
8131
1066
9828
4482
2890
8455
7549
4090
839
3012
4495
855
4979
3517
7313
2701
3073
7077
7894
7978
3188
872
7809
1419
861
157
1845
3278
9967
4919
4856
2594
5106
4187
5556
4843
4543
3067
2794
5634
6718
2625
6339
3673
8506
7191
9204
1388
2766
4099
6333
9011
2383
8801
6270
644
3157
1896
6390
677
2006
414
6298
5183
8545
7511
5631
1214
9892
5017
5348
149
1435
2827
2542
7838
6150
2763
2737
287
6709
2751
5480
8664
4866
5796
818
7449
3851
2722
5977
3905
7147
8001
4768
545
3701
6580
3288
5135
8396
3955
1263
2006
3345
3430
8102
6090
3881
7949
3837
3577
7386
6238
621
5821
4771
3590
3649
8318
3477
6928
7890
3061
1522
7779
1774
2364
1265
853
2724
7568
7482
478
1439
7256
308
4871
4029
8416
6329
3489
5562
5998
6322
9474
6366
7829
6980
8587
5823
5720
5303
4149
1444
8998
9727
3001
1736
3
1305
6606
4055
5832
1620
6285
6328
9169
9913
9233
3655
4036
3336
5851
4334
7970
6608
4337
5823
4677
1851
9622
4833
8121
4548
8581
596
1287
3910
5399
7074
5772
2738
4580
3845
5065
1852
2294
3647
5348
1571
6889
5178
3515
6155
3342
9276
4920
9305
1519
6806
4976
5082
5533
5273
1174
6992
3093
2758
4269
698
6593
7201
7050
3807
9610
753
9592
5047
43
1047
2340
3254
8817
1320
3385
4150
1919
24
6038
7984
1630
2565
2875
4438
2338
669
4979
6656
5207
9293
3131
5905
8346
6072
1713
4453
9604
9328
8952
9961
7537
9907
9815
9287
79
645
9953
9373
8994
3878
6159
6201
5620
384
5705
1619
1178
8400
757
6263
1633
462
2662
3421
3495
5402
6533
6039
5559
3637
8285
2070
2844
5849
1664
5354
5190
6118
3047
6116
5995
8843
4503
4057
1732
9293
6335
37
8696
2134
638
8793
2775
2861
1441
3780
3836
3741
7114
3913
5510
8917
1500
5346
9424
3196
5475
97
2891
6943
8817
4815
1629
4121
194
3091
4483
8462
6257
5040
754
1955
2531
7227
1323
493
8705
1368
6925
3092
4452
6384
341
7652
3513
5377
160
5217
4468
6770
5649
5076
3408
8097
5789
150
8148
3916
9364
2711
546
7336
6010
9291
809
9841
835
5507
1242
1310
9838
7620
2903
7472
6360
21
5143
1319
3937
3722
6983
2161
3836
4072
3947
4832
9567
6085
929
4887
8491
6125
2742
625
2709
3875
1938
173
2851
802
1071
7834
3602
4623
3143
539
5140
6078
8027
136
103
1741
8304
8401
6528
6128
3907
1855
6855
1290
29
2696
2108
2772
3362
1614
9927
6702
9716
662
2237
7839
7748
2176
2830
7467
6408
2183
9180
7696
1240
3191
8182
1084
2867
9478
1570
3471
4975
4513
3817
9945
5821
5764
7387
1760
218
4117
260
4895
3553
4589
2023
7950
5102
1156
2374
7130
3726
6056
1316
498
7123
2554
4529
1917
2324
9429
2261
7819
9648
427
6296
7638
9763
7662
3901
468
481
8360
7791
8796
2719
9000
916
9923
4353
3402
1886
3138
9262
4113
8880
9190
9631
467
8830
4643
6823
4545
4125
7829
2093
1938
2521
8373
1508
6171
165
6581
5499
4381
2093
8504
6464
4042
1256
5553
3552
7189
7402
1094
2170
5222
789
9104
9185
8535
9295
2850
2144
2671
2894
8276
6216
6488
2672
987
6500
1422
6728
8294
6414
7798
3858
632
1738
9752
7896
5117
2464
3227
9069
3370
9863
2012
3974
2230
989
74
9593
5743
3571
6386
4461
4506
4565
9218
7393
6667
3063
2379
5865
621
1707
2504
8450
4510
1504
85
4679
9050
9172
814
4012
2755
2617
6022
7208
7546
7958
417
9887
8108
5748
2590
9565
4972
9993
9844
3295
3305
8098
6999
3228
1628
9080
4791
3665
2384
6053
4390
89
6717
1313
836
9931
5475
4869
153
621
5856
896
5790
6903
3423
1031
1256
9634
813
3671
930
7280
8249
4151
6133
7045
5847
201
5335
1890
1632
2095
5310
4146
9626
1738
3887
5598
144
2573
7656
8155
9870
4912
2853
7155
8955
7473
5171
65
2690
7508
3967
2438
7759
2267
8410
6568
1955
5313
3436
2826
164
5905
6705
7175
9973
3268
8884
6680
7709
3478
3831
1109
6886
5914
2348
2856
356
5300
9795
2765
1023
6692
6977
2773
3103
1747
7913
4298
2212
6949
3706
6957
6543
5070
9076
2523
7153
9762
6807
6702
974
1701
619
32
7676
6993
3270
3818
4734
2085
461
6266
3352
5690
7083
2211
1598
3921
5671
2174
8189
7272
7844
8639
1398
7004
3114
3986
7843
7225
3165
8612
9847
7100
6727
542
9862
1241
4935
2716
4029
8296
5093
1324
3472
4379
1904
658
5103
1770
3814
9657
8004
8047
4144
8179
987
638
6984
8817
8638
2988
6407
3502
6844
7889
2287
9253
4646
6215
4034
2020
6870
3298
1566
3272
1212
7626
1461
3416
8998
5443
4493
4829
6314
6126
4912
8942
5572
3128
225
7451
5783
336
3308
7104
7506
9110
6472
5385
1696
4015
3229
2388
8971
9029
2476
4449
7631
6763
5119
6694
375
6446
6989
5632
6774
5208
7978
740
6291
8670
185
8692
3938
7688
9343
5197
5659
4225
5990
6252
2922
7476
2026
3553
3778
5078
1715
8668
1806
8291
928
4723
5766
4913
412
5877
762
3937
5168
8249
9678
9748
4261
9856
146
2281
7924
5162
1709
2692
8300
8324
9797
5627
7310
7742
8942
2250
6697
5883
8445
9750
1901
1074
6455
4591
8238
9633
5051
3102
5815
2065
552
2254
8440
5076
4140
2871
9102
779
363
4181
3006
3092
1352
8087
6285
2753
9395
8467
1439
2548
5327
3895
9146
4406
367
1851
2070
5799
4812
8226
883
4783
8085
9392
4103
7619
4788
5173
7123
6948
441
6070
7024
401
1237
1309
2587
7564
4501
9655
9899
4874
6985
7211
987
6548
7072
2555
2792
1995
1906
323
7528
7016
4842
398
4085
497
7341
1863
277
7656
7771
6765
7111
1053
9105
2000
2108
2196
6265
1880
3808
2241
2799
374
3540
6752
5856
4561
809
8641
6625
5682
7930
4784
7913
2508
9702
19
4124
4242
5833
6444
3813
4877
7927
9582
4592
6981
3876
3757
5265
364
4275
3646
5796
1290
6456
5710
5826
9043
7324
462
5788
6661
5853
4955
6808
8814
9615
9516
7909
4938
7396
2132
2780
1641
6515
2776
2085
6575
7815
6603
3187
9750
727
8756
461
4558
2701
2913
970
1220
8486
7365
7816
9488
3829
428
3433
8296
2484
7904
5083
7682
4504
4212
19
967
6911
125
805
5251
9449
3409
6594
1241
4560
5655
3134
9028
3494
6478
4556
8824
3145
5450
6857
486
6310
4057
9650
2686
647
9235
4083
5423
5610
6208
5245
2586
2112
7203
8371
8629
1485
1172
6482
8299
6355
4140
4938
9904
5654
1849
237
9170
7132
9153
3074
2972
2371
5140
5158
3748
5582
9786
1985
6452
7886
4235
4208
2150
6041
2029
2389
440
2345
3528
8135
4606
1571
8406
5542
9895
9394
5670
735
8424
4913
9055
7400
5141
1810
5602
2954
3742
861
2616
1768
4150
2167
5290
3440
5246
3006
720
3756
1264
2383
2721
3109
3304
4277
4345
3094
5837
4863
296
8648
9597
348
2583
8799
9702
9845
4150
5120
5361
535
4129
2205
8648
9323
7089
2623
9176
804
7758
9759
1810
7189
8578
4225
1324
5708
8121
3101
8837
2911
2661
9419
8965
2129
7678
9642
2610
8865
6470
9838
4847
6784
1754
7604
95
6221
3172
7218
8775
3886
1213
768
1618
1277
9969
1869
3102
45
4763
3616
7187
1783
4591
8188
404
7493
2054
9950
2606
6890
4340
486
8237
1229
3621
4640
8430
9600
4022
5054
5407
6657
4337
9428
4067
9676
8800
5071
9393
2186
8034
1938
8332
1675
3019
6111
1790
1436
7317
4335
5389
372
6197
6910
8079
9969
3016
4582
3002
6714
9805
2358
3652
1424
9276
6974
5049
2742
3667
2938
8171
5578
1266
457
772
3455
9756
6089
5543
1496
5838
3216
7652
7491
2156
665
2330
1472
3879
6249
5862
5757
1947
3630
2922
9055
5540
7699
3353
4271
1456
866
2511
1903
7583
7655
5966
6071
5752
540
8659
5344
8022
6742
214
2827
7647
9595
1024
3599
260
9647
4087
5774
3508
4730
5957
7123
8556
9479
2007
9195
8713
7243
3265
9069
3918
7184
1119
6358
2209
4126
3238
277
8687
3925
2088
2656
3392
2745
7831
9825
4005
3290
2129
8113
2990
622
7657
1696
408
3390
4982
9166
6388
1146
6837
3896
5234
6009
4666
1186
6060
4050
7316
8237
8303
8944
9870
3510
1300
2021
3969
2843
30
8430
4951
4778
3275
9983
2554
9192
2429
2219
1211
9483
7043
4177
575
2021
9840
7654
5348
1997
7021
9644
8081
28
8058
2796
6299
3936
6575
421
2419
880
5361
624
8493
3613
369
6351
6396
257
9022
6050
3961
2152
1786
2486
4083
743
3146
6411
336
9805
9815
5200
801
2340
7762
220
1443
8708
1397
7004
9906
1525
6596
6436
104
3214
6450
5076
6243
6271
2527
5113
2933
9335
6975
6444
4629
979
6038
2187
2483
3524
3392
3842
5672
2108
3133
1030
7515
1636
8217
318
240
29
3002
1950
1580
8321
706
6113
1972
6117
2837
514
5490
8350
2516
6983
1049
2028
8167
6187
8384
5239
5434
3574
4842
5541
8734
7660
5495
9078
9344
2223
8019
1468
7095
6545
2300
1162
2855
7898
1825
1127
8178
2241
8597
7183
8878
7707
7283
4631
8562
7358
5564
6795
90
8273
1004
3557
1930
770
9850
1100
9790
979
974
5623
6272
6466
4973
8940
3491
2611
6543
4618
3228
3292
18
2367
3121
9069
6295
4135
1978
2249
474
6146
3827
726
752
5536
5331
7421
601
8747
1687
2030
1860
2881
5688
8372
3234
7149
4299
7920
9426
2561
5815
1877
5756
3730
5393
1151
7145
2768
9043
6704
1967
6929
4507
7785
2219
9465
7551
1889
8887
1799
9391
8181
1579
2047
8419
9036
4559
783
2515
4710
1327
6017
9061
2593
2855
2444
6209
4871
2446
8375
257
8135
175
9419
1156
4990
6529
3124
6914
2578
1641
6148
6153
6395
9254
8228
7813
4894
5162
9752
527
1287
6984
5517
6588
131
5048
3249
1622
5304
5448
623
8377
5985
861
5782
7219
2361
823
8950
8062
7107
3538
1798
6890
8580
8008
9924
9011
9630
1012
1114
4450
8041
4530
9225
2463
2896
9171
8085
1748
3558
8332
1661
61
5603
9645
3061
7900
9662
3343
882
9769
4441
2519
353
630
6292
7703
2548
6176
4447
8964
9162
2305
8703
5394
9274
7603
9164
7947
9436
1775
6181
9182
5188
6852
1120
9940
331
7459
8242
7262
2060
8214
6007
699
2312
2833
1311
4310
2903
5376
5301
6011
3404
3872
5581
1018
9171
7403
3146
6372
489
4571
9465
3939
1864
1759
1741
1702
3726
1547
5992
8457
4633
1593
6690
8979
5617
2798
5417
713
5634
1288
1062
6640
1428
3795
9640
3632
6681
4059
6303
8115
4066
3883
4934
6909
9486
5188
8926
2006
1024
313
7124
2018
7580
199
1038
9746
7646
2
9815
1572
3336
3195
3220
1141
4390
7310
5490
3830
4126
6343
5854
4572
3897
9140
7025
9905
8553
5526
8742
1033
7767
5729
474
4479
1242
7699
6766
4093
4005
8225
6459
9482
4989
1165
8292
9310
9141
164
2049
7618
1465
6900
3133
4754
84
6378
7357
6420
4366
953
1466
8930
1989
2263
9918
6658
4454
6257
4296
6312
6984
3199
795
5201
1702
6114
2713
2288
3799
90
5399
1206
4892
6052
1710
2554
6901
1585
254
3352
1936
5922
8238
1734
8719
7438
5076
5873
8260
9078
877
5606
6348
4528
1930
8348
6182
9103
9480
8015
207
4484
3802
3512
1051
5838
85
6599
4785
3820
3224
4259
8243
2371
9429
6408
8505
9260
6017
4047
2361
6789
8052
6843
3445
6279
1388
6639
2354
871
5525
9422
4992
9510
7485
2634
1242
2435
8615
8302
1964
2641
319
9207
6364
2099
5604
5757
8407
1635
4599
6383
2601
4082
8159
2300
6696
6697
4022
9246
2221
8846
1651
8001
4944
2707
5173
162
7583
585
1000
4386
5674
706
3159
7914
2478
6563
5599
3400
7149
440
7932
6631
6726
9249
7010
1373
406
2810
5482
6925
4763
617
9687
2813
9217
1616
9988
2163
4699
2755
2716
2200
4911
2451
6853
6910
3806
553
8953
9566
1662
5694
5891
2906
8359
6551
8323
465
5910
9566
2798
736
4785
4187
3013
4054
5736
4961
8447
2464
9732
1237
8598
7619
4527
4426
2508
8921
8479
6936
8295
2354
3328
5323
8736
1179
8413
4439
6068
4492
2379
4936
7173
2124
146
6328
1600
5583
6313
3498
3291
1807
1389
4996
8315
2088
3565
7097
5583
861
8229
5268
6077
761
2902
5841
2567
1904
9198
3781
5882
5732
4425
1182
5987
5235
8131
8660
5021
7549
1368
8831
8587
8339
3787
3090
862
8731
5071
2789
8132
6880
2069
7841
1134
5878
9603
4757
4877
3484
1501
2757
8984
2650
9507
9506
3500
5066
1831
4660
5376
2563
6201
2835
7731
336
9345
4614
3429
6527
5416
5218
3231
2597
1843
532
7023
3854
5372
4362
8756
2403
6111
2828
6915
6772
8479
1688
1700
5269
3091
6971
3596
7254
6736
587
3719
6617
931
2497
8337
9096
8875
3268
6946
8975
657
6496
8292
3381
6806
4534
6386
7624
1975
5837
7023
598
1215
2406
7023
4360
9113
3069
2150
7497
1408
123
6907
8372
2246
9369
7065
9787
3485
7311
4258
7524
1301
5610
288
478
3203
6923
8346
2465
682
5836
9583
8963
4696
9470
4642
6183
9152
159
3826
9969
767
295
8564
2196
8269
7153
5983
2188
8499
582
5348
5815
9427
3108
7032
7677
5128
3566
3280
2497
2859
158
8504
512
638
9222
7552
7959
6745
8547
5843
8193
7680
3698
1093
8189
3133
605
120
590
415
9582
6651
8108
4830
3028
7088
6983
3417
4307
3256
236
2910
2630
6366
7201
3686
6320
9708
5162
5691
7903
9358
5854
2550
9458
401
9395
6169
8241
7703
4117
6966
9531
6875
7238
5738
3677
7499
8048
7066
2974
2182
5606
136
5912
1156
9321
7394
3152
2076
5877
615
4567
2406
8251
6438
8377
8590
4282
5382
9906
9073
6215
7916
2368
4136
4187
252
484
9374
1067
623
2498
5455
2371
6300
4216
4639
4092
6310
6348
7316
6573
5875
5517
1761
3725
2837
6060
5135
5286
5574
1731
3674
4149
7332
5347
7110
3630
7143
4652
6125
4077
331
8789
9958
471
6063
1499
1602
6943
4776
5734
7382
6404
4466
9751
2000
519
5461
6766
5561
2155
1888
9497
8710
2117
916
2166
138
7043
2991
953
4171
6601
8148
8953
9759
2310
9268
5444
8851
4597
7355
275
4231
1056
7961
1721
8906
9022
9291
8629
622
5821
9061
454
3992
2475
3039
4702
2214
9086
4905
5791
8189
1476
4380
2866
8509
484
5151
9751
6835
4499
1523
2935
7212
7939
5643
8533
6417
5926
2219
7027
6500
6256
4220
6128
340
7866
4248
7279
8176
9779
5113
67
5174
2081
9145
7206
375
4997
5701
5737
2921
8749
915
7926
728
6339
2781
3809
5210
3634
7113
3917
7261
1800
2678
7226
6880
663
9301
9644
2011
9014
3841
3000
9403
4101
2445
4711
8478
4494
2825
1421
8231
726
17
7699
2239
1618
5394
5296
1193
5239
2728
6950
9407
9642
7273
9657
3646
2230
4024
2619
2235
2267
2312
8994
2560
9987
7661
2266
6471
9809
1840
2631
7890
4467
351
4339
4181
6262
3214
7254
8321
3928
6926
5620
8557
1416
1528
640
3219
4089
2583
9614
4932
534
2127
181
5705
7008
4477
9619
327
4243
2413
8763
1198
3895
8930
9626
814
9441
3734
376
4983
2425
7662
1657
1867
2791
2008
6995
8482
2695
2628
4474
6154
8763
8428
1750
2761
8000
2514
2454
5953
8856
1364
5278
2494
342
94
7740
7103
4361
797
1753
5646
7807
9115
1994
4478
5339
9788
6230
8464
2322
1924
4370
4690
4735
2146
3080
1253
1238
8173
3271
7161
5429
4682
8963
9255
4518
8663
285
3466
8721
631
5213
9723
2702
7483
6795
6152
6985
3817
6974
9489
4270
1787
5244
1358
6564
5206
6255
96
2886
6533
4857
3795
4444
7746
3454
9932
2040
129
4768
5269
7420
8777
6296
5570
8217
3536
48
6543
6499
818
5982
760
6080
4829
8778
3396
7007
235
6608
2751
7749
9277
3457
7635
5202
2065
9540
2674
8146
6752
1066
9123
2976
2695
6527
9126
6901
4975
1708
1590
9406
8843
4362
3370
8940
3982
3681
7127
8148
7686
4414
2022
8951
1321
755
9405
140
218
5592
1085
8664
6920
2031
1224
8176
9732
7045
6748
8373
140
8628
9361
3343
889
5910
1035
1333
417
4853
1947
3831
3002
4029
1976
4975
9836
7442
1542
2220
962
5486
2625
6382
1485
323
8728
1856
4420
8702
6200
3102
3147
6220
1620
5640
6879
8311
3438
3583
7340
5097
5557
9773
2139
4994
4347
5633
8316
2900
433
9111
5243
4074
5937
3814
1474
5865
4231
6099
3963
1519
206
3444
8752
1608
4835
4142
2882
4560
7528
1599
2546
3778
9431
9528
2542
7999
5568
3634
9387
5515
4417
6914
7788
17
5282
5015
5485
3046
2346
8319
3870
9787
4385
9178
6751
220
2450
2950
8693
8197
9660
2201
4278
3429
9191
3677
6934
938
9246
3190
6319
2764
188
671
7014
1574
6727
5539
9392
4894
2900
2871
7185
6406
1397
7604
1516
219
8230
4914
4540
3355
8528
4000
2077
6132
8039
273
9992
8871
2087
8816
570
1930
7782
5252
3104
4477
5909
7806
4800
8885
7305
1327
343
5700
5952
3543
6603
8618
4642
1896
4268
2133
5974
1881
6460
2323
2269
1206
2295
1368
3247
7525
737
3291
6801
3139
8043
9931
3904
5565
8050
2431
5069
395
740
7226
9540
7542
6255
5229
3258
5419
1288
6919
610
6903
4533
312
3484
9026
3512
5667
924
3912
6600
8529
9218
7058
3949
2802
4795
3748
9720
7295
8068
4847
1869
8059
1446
2230
222
5464
5474
6846
9253
5445
5673
4271
669
6325
7481
3191
4749
715
6944
3230
3747
673
1646
2212
6889
3720
2987
1078
2935
4506
5906
1743
2869
5259
7849
1339
8986
7454
7262
8903
6310
8900
9551
1444
4184
2703
6198
2315
13
6212
7535
8170
5062
2911
4312
9836
5332
6769
8692
3479
2979
3732
8907
9663
1056
1151
722
1464
9736
7076
6818
9417
2319
1959
9736
1483
5594
138
5385
8544
6953
7955
7631
8353
1844
8927
2084
2944
6929
9199
6809
4828
8543
7745
6916
5587
5347
5386
9285
9202
7212
6351
5427
2759
597
5874
9447
2887
822
2521
9924
6988
375
875
3234
7862
9091
1172
4086
6211
741
3224
9391
3913
6049
3924
1952
8671
7121
9696
3269
5612
7994
4336
276
1751
3435
1594
385
1149
8578
9746
2989
5522
315
4864
7196
2910
5941
9843
4418
8056
7795
6047
1498
6977
5596
1922
2211
2487
1983
1189
7671
5114
1558
7758
3192
9964
3094
5938
1802
8433
3793
6503
9335
9637
7592
3575
8595
5661
1104
3312
2413
8629
3567
2105
638
9177
931
943
1681
7807
6256
6702
255
9826
5588
5883
9573
9898
4809
1582
5701
6038
8822
9981
8646
9435
5698
7075
105
5478
3446
2095
3993
3629
430
6249
4190
6084
6460
3311
8398
3036
8024
7326
7024
5749
4536
7964
4991
2500
4328
4434
3767
400
2471
3688
2207
4359
6510
1000
6962
9981
2157
8740
684
4980
6739
3603
2174
2471
9209
358
7502
5056
4668
9529
8431
1578
550
6693
3880
7152
5576
3187
3251
7284
2310
8283
4212
4796
6927
7802
3236
6231
4775
7602
9849
990
6706
2251
6244
9125
7839
5415
7270
9616
6831
6452
7327
6642
3058
9626
3077
2865
8380
3428
1758
6806
3880
5707
7099
3056
2857
4494
7793
4424
2089
8910
6100
5119
6912
8950
4833
6131
9315
7367
7369
3072
646
6737
6710
1476
847
3103
6619
1019
9977
9337
2876
7593
2241
4092
9063
2150
5201
8839
4749
6307
2663
1516
2177
4235
4545
1319
3724
9716
5319
6842
1979
4485
9220
4358
2854
3874
9970
7655
797
6482
5634
5607
5168
1777
1349
9618
1819
3138
3050
8393
4685
7052
2469
5600
52
4662
4984
2114
2759
2605
9168
132
5824
4609
7662
3271
4595
4864
4144
7799
5071
9322
4812
7632
4848
3588
3080
5377
5022
8392
9833
4344
3861
8073
4150
9469
8802
1236
8409
7275
8791
8193
5986
1161
2492
4298
3847
3190
7058
179
6507
3315
4997
5975
5625
170
4509
7955
8542
3660
2929
2475
2209
6441
8793
715
3152
1720
3646
3337
4808
2407
320
4453
5264
3196
6611
5202
963
9129
6119
1630
5640
5726
8307
5341
8496
9801
8126
8132
5515
1608
3961
833
8135
5423
8828
2664
1718
6677
2571
2041
8954
7625
1061
1661
5744
2946
8186
6366
4727
6644
7318
5750
6587
4638
6653
5408
8914
3968
6005
3323
5347
8393
5211
9741
2270
1951
6787
6980
2459
4120
3311
4248
9187
5301
2507
4444
5381
879
9027
7587
8854
5433
8210
5167
1544
7253
3208
3860
6694
3826
6695
6267
9625
355
7258
4883
3386
331
2193
3027
9797
7013
6958
8058
5350
3472
822
4006
6466
7575
5940
1363
5204
1358
2464
4412
1091
6936
6871
29
9869
8262
7095
9897
6435
9562
169
5783
2640
9689
684
5447
8262
8927
7338
6755
6759
1325
6377
8320
3949
9821
7760
7156
2998
9510
6451
6705
5088
2251
5038
3663
493
2525
5050
297
8019
6545
3454
7101
7491
9932
598
2327
4083
3931
2568
3223
3098
3872
9513
6014
6072
1926
5499
5048
1888
9349
1233
6116
3987
6801
9329
7743
9545
7229
7316
3325
862
9293
3677
1193
135
3273
6691
6805
4576
765
1421
266
9812
3293
5161
7539
3880
5014
1881
8197
1396
8192
1627
7862
7231
5087
3524
4463
6566
5609
4600
252
9880
5474
2248
9296
3473
8787
1848
5173
7169
4073
7276
4065
2777
2169
1118
8964
2913
7761
2095
1854
3145
2170
9736
6829
7482
1737
8107
7972
4759
1013
5627
3400
3270
6324
1829
9508
6053
9822
4153
3964
7178
8978
2425
2590
3004
4327
2348
5748
7415
2410
287
7526
1456
1079
4602
8685
2742
7827
667
7570
7169
86
7329
7157
2282
3894
5734
7050
9958
1614
1961
2445
9679
5421
6312
5398
1441
8523
3527
6568
382
9655
4575
8435
3919
7867
6326
153
2680
2337
4662
1310
2791
6991
4061
888
2600
2541
8529
8486
2392
1880
4334
6941
8372
430
4941
6494
2045
2314
1266
3347
6122
6778
9682
9848
3034
6603
3743
6486
837
6102
2290
7354
1181
9684
2132
8965
4294
6605
5161
7404
5487
6078
6761
5152
5837
1913
9756
6808
2243
9830
5394
2282
5007
4792
5260
9081
3347
3322
7242
9847
1151
9144
8418
2908
520
6409
9578
4463
3367
5034
2226
7713
2640
6599
9425
5817
3485
1330
4986
7049
8839
8806
4634
6608
8977
596
5489
4025
1441
6172
1627
3953
379
3193
4970
86
4171
3299
2194
1050
1887
3960
4944
151
1183
9316
6280
9324
4666
1532
9866
8278
6846
5963
2975
234
3699
5428
9894
5678
8693
3030
1414
1511
7405
4893
975
7597
827
5717
1297
8411
9713
9050
856
1827
8879
427
5859
2847
5702
7132
8383
9201
7403
9899
3269
5947
5131
5626
6253
5803
5957
4763
1582
2510
5049
9610
4819
6406
9371
8132
4907
5862
3859
6629
2060
42
9588
6191
7237
5347
7382
1798
5791
6736
4035
3273
7872
8952
8267
4155
2972
5764
6549
6911
7111
6938
4050
9554
2172
7811
7327
7730
6067
1390
6743
1869
2162
9006
7090
2820
4195
8190
6143
1726
6286
5989
9881
6953
9219
3221
3817
3627
3542
2253
8311
5126
1623
366
8606
4410
8940
4570
6860
8197
4718
648
4914
342
2829
3556
9150
5759
3729
9140
1235
1576
1918
8918
2194
9007
2034
6821
7191
4541
2223
4314
2242
3621
3040
2078
2448
9798
6121
8766
3413
6544
3871
5959
7352
5699
3169
3185
2444
8162
9794
6552
519
103
2676
6053
6176
7408
9939
876
7994
7863
3707
8079
1127
8319
6470
4175
2699
8362
630
6626
6367
8216
8524
688
4365
3417
5074
1991
9487
3236
3419
4255
7903
3792
7925
2440
2442
1231
1928
3983
1958
9979
3054
2800
2860
184
4111
8757
1572
2217
8151
2668
1517
6063
3334
918
8901
4316
3269
4492
1019
9542
7104
4732
5630
2887
3476
6514
8146
9216
6902
8370
9727
9294
2317
9185
3765
6085
9661
6083
4896
6265
6305
782
979
427
3044
7086
84
2384
4844
3699
9445
3694
6404
2180
1866
1775
837
5078
4700
472
7120
7864
7961
740
2970
9974
4837
2537
4356
3517
8609
2860
3606
8430
5862
8496
3544
9148
110
7785
4573
5055
2320
7903
4988
3739
8662
9070
5868
9466
8220
5242
3355
2198
8359
1792
3147
8099
4352
5096
4682
857
5612
54
6044
1167
1769
3008
8391
1826
791
5930
1339
2646
3248
4909
9580
1668
8741
1094
9613
369
5479
7818
6267
4063
767
5591
3379
2748
8795
8870
7233
6568
3285
6733
9318
3237
8017
7409
4085
7991
7794
3624
474
3962
1882
4940
135
3571
93
6012
4765
4927
7312
3165
3939
1431
8660
973
9030
7477
7449
5624
4317
2992
8784
243
7880
5667
9681
3174
9973
93
4661
455
4510
4241
4977
7473
2738
861
7360
7716
4430
5063
2940
5685
2120
996
2489
7846
3944
690
8958
7409
356
4341
3937
1054
6934
9487
9709
8995
5980
7160
1810
651
5115
7598
7498
3135
433
3509
8467
353
182
8207
9854
1704
5086
8631
2579
1238
4430
1944
5199
8549
3608
9194
3451
3551
1108
6572
2922
3901
3069
6205
1551
2199
1814
3956
3832
5819
2999
2096
8043
4377
8632
1962
7451
6794
152
8151
4471
3392
2570
489
2527
4281
1277
2020
9076
8333
3511
4542
1963
9655
5309
4592
5502
81
945
8313
9055
471
9385
4258
538
7950
1064
8332
694
8701
2811
853
167
7369
5410
6122
4931
2207
4665
6487
718
5227
5921
2121
5141
9669
9136
5060
2484
1099
4930
4032
1252
2857
8139
8558
1093
6917
650
1081
8467
1351
3627
2424
4536
5861
9817
4031
7262
4061
6749
629
6223
4156
5720
2193
683
5436
3274
1582
6117
9434
5548
1997
2939
5940
1312
4521
8800
1201
834
6293
5607
1867
3179
6034
2206
9752
4979
7357
373
6631
8752
1925
809
389
9487
3434
6530
7711
4094
6241
5589
7313
4691
9332
9894
1885
5549
8198
3246
2472
1429
6068
2325
8670
4048
2791
3261
4598
2468
230
3627
4879
9380
9625
4353
3978
9562
4232
3020
8738
8928
7761
6136
1814
1020
329
3691
8791
9349
4026
1573
1756
2102
2586
962
3283
974
1228
249
6850
2992
4752
1076
7755
1038
5237
1852
9934
8350
5183
9232
7465
4694
8228
1874
555
1385
1408
686
4934
2925
328
6104
7634
2760
843
9185
766
9816
9412
4933
8945
3420
1277
9605
8079
6962
7566
4556
839
6397
5635
5727
1337
5538
9819
8214
7045
4384
2061
9298
3150
9769
7461
602
4126
1329
3643
8758
7379
8339
4468
135
9543
6026
3587
6273
7005
851
4952
8758
7351
2684
1640
2976
6357
1209
5149
7578
1271
2451
4292
8219
964
2573
3252
3585
4819
5589
5134
4406
391
9442
944
8353
5335
6128
1700
8316
1499
6358
182
5246
3987
5296
5122
3348
7505
670
7483
5632
71
2440
9801
206
7211
4508
4730
9311
3863
3478
248
1764
9020
1626
4827
201
8135
4641
3478
8011
6508
142
7324
6535
5503
8636
3637
4193
2833
8454
7404
8126
2615
5554
3088
5982
631
2155
8090
6649
5900
1929
110
965
3624
4735
7354
5025
2457
7265
6443
4658
964
1952
6511
6407
9358
1028
5814
5562
1562
9781
1234
9062
3916
7653
5821
7248
4268
8253
9417
6691
6647
1331
4034
2140
6143
9157
7040
2158
4866
3189
153
483
2264
1920
6179
7345
2566
8988
4679
644
4911
9358
4833
7709
6154
2566
7124
5335
9007
3528
938
3521
6747
3239
8569
9949
7028
9487
4465
9077
2870
6639
4450
148
795
3122
4203
6632
5433
2697
8557
3682
8229
6246
1054
7895
8965
1175
7017
9783
1027
8205
866
3863
4638
6425
2183
2045
8715
5298
563
7352
3688
2549
6252
3097
7537
7705
2716
7522
635
29
9724
601
7742
513
1740
6952
256
8110
4832
4453
4876
8963
405
8937
8098
7805
1457
9263
6648
7185
8599
924
9998
8841
458
9637
1710
5450
1129
6481
5538
2606
7113
2524
7536
6898
3264
8836
5041
9614
3485
5444
8575
9340
1766
603
4684
5607
6697
9624
1311
50
4260
1348
2714
1761
1279
2572
8791
2376
3527
6330
6193
1343
4886
9295
1278
4862
9310
7839
330
2667
8725
8185
8927
8157
2409
5249
2864
9051
8932
7835
8757
1526
7531
1718
9809
4176
8513
7027
5871
2728
3449
6401
9179
2260
9656
3191
7821
4697
5561
6349
6159
7177
3418
2807
5216
6937
8403
3726
8258
3918
4567
4013
1197
9540
4579
5669
406
7995
8819
3245
9962
8990
4932
6698
6885
7201
8980
1687
6015
8134
565
6033
2678
6588
3041
578
4871
1685
6840
1736
8821
8403
8708
1553
7036
5950
478
7892
4095
2132
1945
6511
9309
7293
811
5561
5218
7514
2140
1364
7050
8794
1208
5777
8897
1561
8094
1199
2102
2725
5483
9089
1486
6493
7921
2331
3668
2841
9232
9609
9854
5536
1015
5580
219
8970
6467
9442
7464
9939
4102
5329
4242
4297
9075
9391
8325
9490
5958
8449
9459
4428
1473
238
449
5410
8944
6592
9723
5032
6414
8374
328
1300
9649
6472
2440
6553
2592
1593
3273
6401
8916
1906
6697
918
7660
4673
3558
6029
2251
1421
1410
6527
1853
2740
1506
9622
8727
2867
1013
3344
3675
145
7601
8403
3962
1000
9112
1454
4341
289
8394
8711
3596
7660
5845
4630
9511
2105
5992
7037
2707
8438
3541
7202
5859
4405
3444
7035
9352
6232
7684
4085
9532
4604
5948
2913
3288
7135
4320
556
9510
3952
3183
7993
3328
8034
8537
9020
5287
8684
5310
3478
5360
1152
1090
2344
8089
5558
77
6
8057
5652
6030
5643
1077
6524
2575
2098
6718
8578
4403
1783
5800
4168
6316
6443
2566
6105
6794
7838
8993
1390
8686
3100
9608
4160
3084
7415
8016
2683
1087
412
6733
9658
5142
485
6553
4037
9916
9882
3648
5348
1333
5877
751
5487
1877
2865
161
2340
3995
4542
6056
4707
7994
6819
1117
1961
3111
6416
3103
4471
5406
5760
3559
5711
5520
4135
6972
4699
5800
7102
2162
8042
4443
3496
766
407
9885
7711
7668
9079
7712
2704
2177
6159
263
6480
5365
9680
3816
3466
9192
1152
7872
1254
9789
6950
8753
5095
9539
3874
710
3920
472
6758
5976
5828
105
3973
1961
7434
2645
5895
4525
7065
5840
4006
8024
150
2434
6536
7202
2423
6255
1625
3943
7490
1362
3572
220
8087
4706
6446
9260
7046
8775
4639
528
4991
4373
1549
4893
2933
8631
3319
3238
2733
5367
7419
194
9481
3274
5781
425
7227
5081
1989
6761
6680
2841
2412
1925
3659
444
1794
2412
51
1585
2422
3719
7115
8566
1859
6764
4483
4846
1100
7376
7872
2221
3540
7322
7437
6272
7516
2802
8539
2137
3770
1320
7469
2664
4930
2816
3001
9206
9268
5675
3083
4139
3969
8402
7932
1375
6731
6396
1706
6093
5769
1486
5221
7076
9588
6546
4566
695
2432
5728
8379
660
8122
1928
6259
4226
9627
1122
4515
3043
4214
3581
9203
9145
2804
1860
9160
2293
7865
3455
2846
7786
4498
9557
5473
7680
2798
8094
920
5045
2902
39
7295
2750
554
1375
7136
8411
2042
1470
2909
3304
46
5542
2941
6783
9618
9729
3857
5915
8673
7418
7073
5896
972
7111
8535
3014
7
4324
5704
381
5121
6283
602
1338
8927
4191
6663
6423
3779
1193
5453
5656
8030
3401
3598
1410
7151
9966
7051
678
5718
6256
2584
7307
8618
3658
3820
2874
5060
2998
680
3282
7654
9857
2561
2220
203
8925
9852
6762
6155
4245
9925
9688
7707
4139
1707
4212
1568
9885
8987
4105
9822
6679
552
6983
193
706
8548
239
6679
7577
4142
4474
88
3388
440
3257
8595
989
67
1687
6774
664
4201
6667
3273
4144
1175
4458
7432
9604
933
7897
2171
2337
8260
128
4852
9057
3187
5290
6053
3633
6749
3560
5387
7760
3938
4453
8811
5203
2928
5940
5191
8101
239
9046
4108
8636
1766
6569
2011
2199
2669
7514
227
8995
6464
5626
632
3693
6796
3150
3122
5922
6985
368
9652
1330
724
9923
4470
8226
7800
8596
8674
785
8873
3661
3160
5490
6444
7667
3182
8504
7126
2799
4856
8609
4992
5417
7120
9561
2084
6111
7041
1583
1318
5926
3686
5764
162
616
9610
560
446
3531
2587
6910
2667
3843
2177
8680
1758
9197
3829
4861
9413
8380
1855
5775
7032
5153
9072
4137
5086
8515
7112
4813
4793
6526
7509
2092
8559
7975
5482
8431
1509
1262
5463
4402
4858
4412
6682
9760
3086
8076
914
218
8398
7814
2940
6736
1788
1734
1037
9138
9023
2587
5306
7792
7268
2828
9382
8782
8016
5781
441
8083
6163
7503
4106
5921
7418
1933
1321
8975
8338
1778
6331
8753
5508
4928
5587
3593
2049
2940
3866
5223
1835
8702
3722
1196
1037
1108
2237
1788
568
101
2301
3474
9580
1347
7847
477
8863
3258
6833
760
5693
1333
3492
1048
6908
7839
9640
5406
1194
9479
8587
8684
4373
4829
9054
20
2199
6842
5692
284
7564
7420
1192
14
866
4622
9314
5244
7404
3926
1045
4401
7906
2711
2864
3474
185
2999
2767
6515
395
6427
3109
6534
4850
2175
9400
6414
3414
8674
4409
2593
5408
4525
2063
908
938
2756
5295
5729
7622
261
6906
9900
6072
2478
2307
4243
2656
4619
1867
2571
1736
605
3579
871
4070
6
6078
9452
542
5536
264
4160
8296
6573
7686
1296
3449
5065
9395
2497
3297
9564
8181
5358
1008
9132
7426
6048
1349
5888
1314
140
7877
175
4802
4357
7732
2198
4258
163
6883
6040
3692
2892
1783
5152
2241
6750
7890
8178
7618
1790
2000
3055
4072
5099
3983
471
6592
2396
6492
4745
5511
9544
9398
9238
5437
5908
7761
9204
6841
6326
7658
78
3193
6665
770
6280
2708
1465
8329
3601
7631
814
8552
6913
8680
4710
7770
6770
8690
3371
328
507
5453
1156
576
7350
3201
6550
8001
5507
2439
9691
9510
9046
2372
8203
4540
6524
2595
1751
8098
9243
4478
6917
5644
8775
3033
6837
9860
7152
1067
1569
8493
9513
4201
2355
4597
5924
3777
6449
3399
616
4016
9316
6474
165
3248
1991
9994
6462
8066
26
6465
6020
916
9669
7105
564
2079
4826
4129
1783
7503
5443
5777
5400
9999
7803
4507
6722
3505
7497
856
9191
4344
1926
1916
237
5218
1391
4512
3090
1813
8711
186
6657
4196
1316
907
5837
477
8889
8309
4538
2611
1060
8214
2859
5476
1326
8181
6421
8486
9776
8152
3763
9282
5685
5168
7155
4061
4154
6193
9582
9327
9217
946
1204
8418
9301
5757
7109
649
1064
9908
2445
5434
7752
4849
6023
1914
9361
9847
5970
5571
1964
1834
1185
8004
9092
7656
8267
1061
5417
7379
5859
3046
3406
8364
419
6035
684
2973
401
3270
1738
6178
8308
8665
2052
7717
3983
4070
5064
3877
1419
1661
5344
2115
6260
6449
1545
3865
3530
5823
8978
7
7351
524
5808
4427
3024
6682
8766
6396
7061
151
4162
2404
5506
5043
5515
679
936
6411
9382
6068
5094
7591
1888
7799
5328
3132
8070
9896
9298
958
3480
740
1854
6022
892
4437
4481
5292
2414
7601
9155
9314
1349
7068
3277
8556
17
5403
757
9903
97
710
4453
7621
5137
1865
9866
6426
8432
3208
552
3303
3215
4140
5515
8008
1093
2894
6936
4700
4896
1022
5794
809
8247
5344
6056
8361
5994
2676
7963
9397
7003
1633
606
8924
4885
9662
38
1488
538
4557
1873
7005
2780
2099
1523
8999
961
616
1499
239
7305
6136
5716
8385
6299
3923
1415
3725
5323
9927
8638
7792
3993
4440
5203
319
1283
7882
3671
9472
794
6523
7791
9364
2001
6735
489
6981
1810
3032
3708
6248
6764
2274
1757
8126
4231
649
5710
877
919
9480
9505
6342
1054
15
3466
5603
8140
4256
8834
8287
2402
2470
952
1377
949
6818
7314
7158
8157
3347
2961
3499
8541
8721
7938
6708
9325
4423
81
2636
978
3147
2376
5369
1280
3690
5590
8827
8230
6277
2778
4689
743
6562
7070
6567
7097
5793
7857
816
3718
2412
8781
4077
1872
4745
183
3799
466
5567
5236
894
8865
6483
6872
9246
497
4862
2394
2283
5220
4284
3540
9802
7517
6100
3799
8859
1635
1567
8443
3686
9057
1591
4819
7169
4282
8429
9791
2315
3433
5399
1867
2824
6007
2212
277
8266
5686
2269
9484
9272
298
9802
1556
445
8311
4910
4757
9808
7926
3425
8947
5772
2577
2328
9577
7723
5150
4626
415
1060
1608
9905
9034
749
1256
612
130
3695
355
4189
9983
8629
4493
2963
6637
6592
8939
822
3006
4875
54
5051
8462
6341
4923
6947
6738
4256
9408
8060
1434
7797
9873
6403
5477
7634
9608
1636
7732
3506
2475
9825
6039
5799
5679
9643
6851
5702
731
5135
2133
1630
8935
2096
4800
3895
4963
1565
6690
4932
5204
9198
5908
2948
2041
8641
5121
2586
9276
9675
5198
343
5732
7373
535
2145
2231
6741
3579
7522
9068
3469
6093
1728
9454
6805
6444
1300
9053
9288
9548
89
4399
3389
8323
195
9716
6893
6576
4682
9879
8971
9781
9217
3328
4229
2165
7031
406
6
9416
5898
7218
7669
9372
6562
5166
4349
2806
4145
1069
4714
310
3989
4196
7357
7976
7592
4678
2732
2247
1397
6285
6265
7276
4742
6868
7517
8004
974
5682
6225
1439
8336
9888
1785
357
1163
9436
2574
4483
3314
3958
4118
9027
172
3495
4497
2170
9221
2706
7027
9546
6175
5331
5993
5400
7145
5091
8522
9448
1561
6878
5387
2596
2457
7371
1951
9628
5548
8730
2634
6967
780
8285
8704
2295
8865
4973
9166
4907
1007
8093
7204
2654
733
5611
5278
716
653
5923
9326
9301
1261
6110
4376
4938
6681
3175
3850
5108
5131
3294
6693
9893
8673
534
6380
5174
9768
2697
4488
6463
2618
667
3973
5573
4610
1787
6205
7421
3240
134
2415
5743
7181
2358
4284
4630
9556
5896
2318
8483
7643
2556
2740
5409
757
6645
8350
5364
1478
6415
9970
5643
9738
1616
1081
8308
2162
1143
1402
6974
2508
1969
1536
3114
8126
6395
6554
6907
7918
3506
7599
7532
2881
7222
9291
9937
6238
7069
587
4165
8990
6915
9937
2898
1619
4527
9940
7168
4098
3841
6904
4996
1054
5032
4709
7562
899
5680
3687
6461
9099
2008
8321
1619
3440
7746
7214
8006
9487
9763
7414
5101
5957
3338
5417
4377
2649
5230
9995
891
6453
1535
8460
9011
3378
543
5666
5987
7552
4138
534
3314
1967
4752
7480
8508
9085
7715
4144
7606
5884
2939
7266
8512
8798
2631
5901
3188
2720
6847
7600
9018
9648
8165
6745
4398
2397
7337
9324
5257
6346
7563
1916
8571
6606
1387
6905
7035
5883
5501
3318
2069
8168
1161
3269
1922
2733
9070
6450
3350
6331
6487
4297
9858
6614
7093
7909
9305
4673
6811
9333
8368
132
2841
6493
8383
4587
1264
7559
2996
9918
1653
3108
2774
5944
9441
7747
6375
6967
8628
9131
1907
3072
9721
3593
7861
5724
437
449
4249
5250
5145
6835
8172
9266
87
7644
607
9772
1874
9142
9947
6459
8190
6509
3550
5009
6086
7086
8547
2735
8940
750
8320
2369
4939
7140
601
4549
5800
820
4194
7686
2359
7769
6161
3833
3194
7086
6850
7811
8084
9178
5924
6661
4588
7686
2497
4293
8957
4187
8011
5914
5882
8557
129
5028
9135
1182
3393
6533
5890
5488
9911
8960
280
443
1652
9452
597
903
2746
7125
75
4231
5075
9600
3907
2930
913
5337
602
5727
2849
6139
1154
2252
3193
7275
874
6171
5280
2273
264
7258
6413
3363
8418
8013
5895
6864
4316
5610
6315
1286
2059
2241
3452
9137
888
8806
8581
1265
321
7949
3258
4134
2009
6672
5501
7003
1040
2880
908
7228
1709
7797
1479
6677
4151
276
3071
760
9347
7580
1738
1115
4296
4413
8771
700
3966
2822
5455
5457
645
9161
3498
5552
6578
3469
960
5224
4276
5327
1863
1339
5573
1975
6793
2024
3532
2258
2560
4025
1327
9665
5914
9942
8469
8221
6093
1011
1961
3045
531
3501
2507
4279
5350
7613
9329
7255
4999
5254
7531
334
8503
3313
8452
1921
9993
6962
52
8477
4319
5814
7123
4956
2208
4939
2023
7143
1244
9629
1982
3081
5238
7417
1175
7019
8288
1183
4139
1425
5557
5225
3625
3760
5839
8578
7935
8314
6744
7653
1317
4808
1198
2339
9363
6674
4144
3504
2082
2446
2741
587
5520
2339
9532
5048
6413
9673
3741
4028
5603
9520
9535
2917
2050
665
2483
4611
8873
8676
6317
7110
5441
3447
9650
4197
2819
5319
1821
4760
5626
4534
6988
3283
8595
6138
9816
8208
5169
8646
4306
8552
669
6263
5576
5677
3850
5805
8374
9111
7190
8436
1770
9449
893
9006
208
1935
2968
6542
3820
4231
2899
8932
5622
3337
1980
2032
5918
5731
8486
6629
689
582
2157
7659
6773
4551
2788
9936
2734
7315
219
7117
5523
5634
4173
1345
2698
8038
1941
9676
1696
3760
4368
1002
4245
3631
8861
5162
2468
951
945
5129
2672
5482
9896
3600
1593
5253
8838
9031
798
8506
7275
9044
3069
6997
8228
2372
1110
797
4638
3589
6317
6361
9974
8958
8846
7228
9196
3355
4987
6782
5270
8232
7793
9897
97
2233
8377
653
9714
6725
2666
8016
1226
253
4891
5654
9656
4860
2502
2024
4248
8604
4217
7124
8281
5474
9014
321
5021
296
2153
4157
8521
4822
8650
1638
7756
2252
6168
97
269
7789
9046
3962
7724
6139
4642
8232
5691
6300
1792
172
2390
1974
2005
4726
9805
2316
5183
8964
3394
4117
3586
1032
6157
8389
621
7909
1070
8826
1003
4838
3450
6597
3702
1227
9894
2611
2822
8257
1746
9240
9638
1756
4076
7783
4455
6979
2005
1679
3631
1369
6657
8389
2985
963
5928
3546
4560
9099
3209
6522
3942
3824
1950
7681
910
8296
2443
6217
7658
5491
8864
3012
5390
6557
126
274
771
8863
1158
1360
9144
9251
5725
5837
5859
8610
572
5530
2613
9835
835
1262
8204
4771
6830
2915
9746
9700
1359
3184
5954
9476
9835
180
427
4642
5217
2556
2509
5550
484
6769
3552
8534
6234
5521
7187
9401
5630
8296
3602
202
1728
9402
8049
9251
476
7280
5958
5651
3847
141
3027
5302
629
2492
8192
7167
7976
3320
9815
612
3395
9479
6521
7206
7725
8020
3550
3420
785
2776
5178
9755
4562
8436
411
8468
2892
1245
9854
8362
4790
6580
8961
7358
6979
737
3939
8185
9415
3404
7560
9221
4631
7079
3161
7128
137
1387
9912
2511
5371
5614
0
2515
639
3982
9211
8458
1380
3485
2718
12
7104
1576
6655
2608
2505
1269
1975
2803
5299
8601
5058
997
5827
9684
2002
2048
6994
5226
8036
661
4574
4414
586
2997
7626
8413
5959
8808
22
3876
1818
110
6729
2382
6194
768
3050
8334
5327
2834
367
8678
1225
6215
1548
7634
7082
8625
2381
5412
2262
9492
4527
765
2763
7685
5384
7524
5859
4452
3383
5062
8662
7331
3398
9034
5597
8738
7852
2111
6561
8793
4735
5333
2514
3297
3398
437
2292
1087
4477
9646
9747
9726
4322
7885
6727
5784
7324
728
6546
6256
2715
6055
5718
623
7930
831
6949
2746
3393
9852
1008
6556
391
8251
2496
2485
1077
2434
2403
5935
3830
8364
1582
9528
3258
6996
6834
7297
2090
1053
7753
9410
8261
763
1919
7623
2345
9778
7965
8396
4094
2746
336
7792
3388
3627
6120
3513
8685
6875
3789
3236
2780
8113
268
5302
6092
1141
9936
6613
9958
3254
1835
3308
9483
4087
9331
1391
5816
4007
9882
2075
151
5867
3813
8568
8961
6315
1966
1215
3377
6726
7221
4194
5028
5826
4417
2876
8797
4772
5028
8951
6597
9848
3341
51
2319
110
9431
9865
2489
7345
9023
3917
5039
5621
6387
8089
458
8092
8229
2556
6694
9413
1183
718
9057
5555
3456
9390
558
3749
7924
8667
9914
8087
1330
6331
1670
3396
6208
8235
1378
3333
5505
2116
6395
2155
1758
3030
8492
8613
9538
3236
9056
9118
8334
6924
9943
9751
2270
2864
1830
7324
4531
3126
4265
6614
9791
1224
788
6029
496
4969
9191
3623
5619
9621
1279
3857
6730
7284
4841
8824
7368
2187
5986
9492
5064
7918
8667
8419
8542
582
3896
2430
2677
3019
1270
3882
7160
9134
9660
6685
7500
8870
635
5290
1482
3253
4687
5755
555
5542
1048
7066
5884
8357
3986
3788
4320
522
6975
3754
4629
9748
2855
5358
782
4606
822
2854
4880
5937
5715
2056
8505
9798
8833
6307
5994
2358
3391
6477
8389
7824
3642
3182
6913
1734
4354
8
5994
9508
9881
6306
5782
6957
8648
3039
3314
6516
6812
7216
475
9333
9870
5587
4569
8654
4288
7093
8838
7197
6674
59
9612
7719
1365
8825
219
3953
3143
2654
5994
4015
8173
1084
4662
7239
9439
5367
3910
3057
1292
3050
5198
5229
7598
9504
1842
1025
8409
1989
3202
2270
8749
9834
3092
3454
8891
1311
208
8556
821
3824
3940
2063
1261
2623
9496
5428
4687
2522
7164
8568
9707
8504
9709
9151
7242
6053
7094
916
1010
1527
3539
4909
8068
2701
1777
3625
2675
5427
4402
1769
5359
1172
6716
4425
7471
6205
6769
890
1694
1578
3497
8973
5372
3263
9867
3677
8740
5541
6507
7322
2494
847
1341
1518
4667
5480
5175
6573
3294
682
1877
3886
7738
6845
5110
7536
6294
8987
1076
4571
958
828
2689
4501
9747
9779
7852
8205
2306
7364
3043
3591
6225
7152
6419
4484
7238
703
5754
9005
6146
8264
7118
1981
7227
576
7382
233
9975
1884
2342
4684
3124
9733
8728
7843
8180
7960
6918
2033
5766
6774
7892
5984
192
3311
1737
4981
5272
3542
399
5566
6066
9792
8416
1467
4611
239
1328
3175
5301
4054
5610
3089
5555
9288
7794
2411
5092
8785
8890
2478
900
4752
5904
5016
1678
8607
1045
8195
3894
4657
7672
4003
5698
7671
7104
9932
8729
8191
4089
334
3780
3546
8197
2062
5217
7209
3092
3458
6518
3267
8830
9016
5746
7268
5229
6003
7455
8469
1816
6340
1876
5941
138
3985
6855
6289
9570
1572
3776
741
5987
8579
3784
8799
363
4471
2000
700
928
2811
4798
1281
2438
4339
4002
232
6350
6038
4279
4053
2761
5850
9510
292
7082
7867
212
3873
921
6615
4379
5972
5763
2969
8374
9943
511
1632
3765
2277
939
5659
2385
5616
7093
1315
6889
4895
2487
6517
3147
1619
4057
9658
4383
9828
3914
6997
9757
3436
4265
4169
9695
2000
2541
6500
7920
5415
2277
6332
2900
8584
4858
3653
6033
3316
9168
7932
1979
9757
3179
3043
6558
946
2975
8
3236
824
1295
4436
1110
2486
695
7230
5263
8173
949
5561
4637
2978
1426
961
1632
5098
2127
1821
3765
4001
5914
1665
1900
1174
7344
1700
6836
839
7628
3640
9017
1684
8110
1451
2708
7362
9351
2057
7409
3055
9456
5372
3790
1581
9226
5137
7231
6398
5008
6392
6670
6298
920
6424
5295
9519
457
5532
7330
7189
3543
6574
3202
8460
6857
9487
1802
5397
1964
1600
1063
4411
3616
64
473
204
4816
5874
2307
5159
4991
3721
6322
8676
5902
7971
1434
2154
6618
3744
3035
17
930
6798
1426
5285
2086
6851
6029
3459
7354
2213
9063
6915
650
2873
3873
3074
6633
4534
7585
4011
6946
2837
5140
2850
8895
2872
5183
7629
2039
4628
4915
1311
9361
2780
6143
7761
7463
3579
3439
4447
9591
2798
8514
8221
9059
3676
4522
2820
5656
4306
1789
5982
9163
7199
6008
1593
2303
505
9282
3723
8004
5931
1758
6306
5049
9068
5419
5862
6962
9132
6342
46
7860
749
527
5452
381
2988
8921
7158
4065
3786
9274
6994
1952
7500
2146
61
8291
6587
1577
9544
8772
8825
3153
8271
9037
9601
523
3431
4553
2985
3477
6020
8248
3031
9713
5588
590
2365
8080
9996
8426
1890
1261
7900
9427
3551
8935
577
3214
7314
3062
9720
2733
9314
8111
8618
834
8801
6946
8008
2610
4279
7889
2004
5332
7840
3403
2505
7272
9508
2630
537
5572
4286
4810
6673
1738
8156
9642
9994
8326
291
1966
1567
9314
9723
2924
4166
2012
3326
1510
6445
9760
8009
2316
8307
2991
4908
9698
5328
3617
9764
6172
7745
3846
7634
2565
2836
1304
7368
3104
6988
9644
2431
8517
6370
6440
1144
205
4200
6062
6077
3721
6251
1910
1219
8268
3556
9610
2751
3466
603
2907
450
7224
6458
8098
8866
9426
7593
432
5430
4363
7338
6806
2893
3039
6211
3745
6908
1749
5620
9293
1682
8752
20
8266
9386
37
9485
6972
3741
7526
3088
5100
9809
8461
3318
4508
514
9988
2548
4840
7050
5505
9018
9192
7568
2032
5864
6338
4315
1512
9773
6092
706
8319
9246
2271
1857
2393
6432
23
6937
8140
4946
390
8789
5359
4489
3641
7429
8321
4937
1123
8825
3093
9981
7509
9420
8523
2116
5263
90
3482
8200
8752
5343
4938
2972
8488
3837
6750
3281
9247
4281
1086
1669
1215
3811
386
7657
6140
497
1211
6989
3908
7175
9324
1178
1586
3092
5813
5323
3916
9500
480
2761
972
8301
2324
418
8059
2961
6535
1765
5001
9952
4881
8301
4762
5054
6587
8504
7610
3496
230
3682
2369
4486
2616
3075
5634
9134
3602
7585
221
6629
6093
5747
5796
6818
2690
2100
907
3233
8328
9792
8905
1201
2696
7790
2283
331
8605
4314
9655
607
9032
8974
4525
829
9216
1180
9594
604
2229
4907
3942
3594
6597
6011
5342
6337
8552
3974
3948
7202
4918
1846
2610
721
1417
5997
8789
9885
2029
1924
3750
8954
2979
2436
1980
9405
4101
8603
7005
6467
5524
5979
6108
2798
4125
7909
5083
2846
1306
3725
9570
1032
5876
2874
7400
9413
3046
8828
3198
5017
6653
8330
8699
1661
5084
6120
7730
7452
332
5841
2736
8439
5409
5895
1681
7318
8183
9908
9938
4876
9723
6427
113
8629
5590
8432
96
8927
3252
2513
2505
5746
1715
6592
8907
6076
4279
2654
3587
4653
3930
2213
758
6381
4305
6482
7994
1365
3706
8589
9365
8753
7232
6950
8157
9615
7873
7374
3566
964
5911
2223
1946
5948
451
3321
9066
4267
1624
986
675
2405
2723
7081
3668
5255
5512
3328
7372
9136
2983
2563
4264
3503
2510
785
1866
938
4376
9030
8949
2696
7491
2890
8117
6716
5679
7130
6955
6798
4514
4177
8598
7767
8969
5554
